100
0 0 0 273 458 0 0 654 473 162 273 713 0 0 71 0 0 678 0 242 36 0 836 0 0 0 0 0 0 0 0 215 670 0 0 949 583 0 519 0 0 0 690 0 466 0 0 603 6 995 0 119 0 541 0 0 0 0 0 0 0 926 0 28 0 660 315 0 0 0 0 417 0 0 0 0 0 0 0 906 853 0 0 578 580 994 336 667 939 575 692 0 867 502 0 0 886 0 0 0
639 150 0 0 0 223 0 654 473 162 0 713 614 133 0 0 369 678 0 242 0 596 0 0 333 645 959 597 0 0 846 0 0 618 51 949 583 861 0 0 0 0 690 481 466 619 450 603 0 0 407 0 0 0 0 39 0 0 770 0 0 926 209 28 0 0 0 945 779 340 482 417 777 0 0 0 236 0 0 906 853 463 72 0 580 994 0 667 0 0 692 0 867 0 0 0 886 496 0 0
0 150 602 0 0 223 256 0 0 162 273 713 0 0 71 0 0 0 846 242 36 596 0 0 0 0 959 0 511 0 0 0 670 618 51 0 0 861 519 267 0 0 0 0 466 619 0 603 6 0 407 119 0 0 882 0 0 0 770 0 501 0 209 28 0 0 0 0 779 0 482 417 777 486 16 0 236 747 296 906 0 463 72 578 0 994 0 0 939 575 692 91 867 502 224 0 886 496 673 283
0 0 0 0 458 0 256 0 0 162 273 713 614 133 71 966 369 0 846 242 36 596 836 0 0 645 0 597 511 156 0 0 0 618 0 0 583 861 519 267 598 0 690 481 466 619 0 0 6 995 407 0 870 541 882 39 882 723 770 864 501 0 209 28 316 660 0 945 0 340 0 417 0 486 0 0 236 747 0 906 0 463 72 578 580 0 336 667 939 0 0 0 0 0 224 413 0 0 0 0
0 0 602 273 458 0 256 654 0 162 0 713 0 0 71 966 369 678 846 0 0 0 0 363 333 645 0 597 0 0 846 215 670 618 51 949 0 0 519 267 0 796 690 481 0 0 0 0 6 0 407 0 870 0 882 39 0 0 0 864 501 926 0 0 316 0 0 0 0 340 0 417 0 486 0 0 0 0 0 0 853 463 0 0 580 0 0 0 0 575 0 0 0 0 224 0 886 496 0 0
639 0 0 0 458 0 256 0 0 162 0 713 0 133 0 0 0 0 0 0 0 0 0 363 333 0 959 597 0 156 846 0 0 618 0 949 583 0 519 267 0 796 690 0 0 619 450 0 0 995 407 0 870 0 0 0 882 0 770 864 0 0 209 0 0 660 0 945 779 340 482 417 777 0 16 643 236 747 0 906 0 0 72 578 0 994 0 667 0 0 692 91 0 502 224 0 0 496 673 283
639 150 602 273 458 0 0 654 473 162 273 0 0 0 0 0 0 678 0 0 36 596 0 0 333 645 0 0 0 156 846 0 0 0 0 949 583 861 0 267 598 0 0 0 466 619 450 0 0 0 0 0 0 0 882 39 882 723 770 0 0 926 209 0 316 660 315 0 0 340 0 0 0 486 0 643 236 747 296 0 853 0 72 0 0 0 0 667 0 0 0 0 867 502 0 0 0 0 673 283
639 0 0 273 458 223 0 654 0 162 0 0 614 133 71 0 369 678 846 242 0 596 836 363 0 0 959 0 0 0 846 215 670 618 0 0 583 0 0 267 598 0 690 0 466 0 0 603 0 995 0 0 870 541 882 39 0 723 770 864 501 0 0 28 0 660 315 945 779 340 0 417 0 0 16 643 236 0 0 906 853 463 0 0 580 994 0 667 939 0 692 91 867 0 224 413 886 0 673 283
639 150 0 273 0 0 256 654 473 0 0 0 0 133 0 966 0 0 846 0 36 0 0 363 0 645 959 597 0 0 0 0 670 618 0 0 583 0 519 267 0 796 0 481 466 0 450 603 0 0 407 0 0 541 0 0 0 723 770 864 0 926 209 28 0 660 315 0 779 340 482 417 777 0 16 0 236 0 0 0 853 0 72 578 0 0 336 0 0 0 692 91 0 502 0 413 0 0 673 283
0 0 0 273 458 223 256 0 0 162 0 713 614 133 71 966 369 678 0 0 36 596 0 363 0 645 0 0 0 0 0 215 0 618 0 0 0 0 0 267 598 0 690 0 466 0 0 0 0 0 407 119 870 541 0 0 0 723 0 864 501 0 0 0 0 660 0 0 779 340 482 417 0 486 0 643 236 0 0 0 853 0 72 578 580 994 336 0 0 0 0 91 867 502 0 0 0 0 673 0
0 150 0 273 458 223 256 654 473 162 273 0 0 0 71 966 0 0 0 242 0 596 836 0 0 0 0 597 511 0 0 215 670 618 0 949 0 0 519 267 598 0 690 481 466 619 0 0 6 0 407 119 870 0 0 0 0 0 0 0 0 0 209 28 0 660 315 0 0 340 0 0 0 486 0 0 236 747 296 906 0 463 72 0 580 994 0 0 0 575 692 0 0 0 0 413 0 0 0 0
0 0 0 273 0 0 256 654 0 162 0 0 614 133 0 0 0 0 846 0 36 596 836 363 0 645 0 0 511 156 846 0 670 618 51 949 583 0 519 267 598 0 0 481 0 619 0 0 6 0 0 0 0 541 882 0 882 0 0 0 0 0 209 28 0 0 315 0 779 0 482 0 777 486 16 643 236 747 0 0 853 0 72 0 580 994 336 667 939 0 692 91 867 502 0 0 886 0 673 283
0 150 0 273 458 0 256 654 473 162 273 713 614 0 0 966 369 0 846 242 0 596 836 0 0 0 959 597 511 0 0 215 670 618 51 949 0 0 519 0 598 796 690 481 466 0 450 0 0 995 407 119 0 0 882 39 882 723 770 0 0 0 209 28 0 660 0 0 0 340 0 0 777 486 16 643 0 0 296 906 0 0 0 578 580 994 0 667 939 575 692 91 867 0 0 0 0 0 0 0
0 0 602 0 458 223 0 0 0 162 0 0 614 0 0 0 369 678 0 242 36 596 0 0 333 0 959 0 0 156 0 215 0 618 51 949 0 861 0 0 598 0 690 481 466 0 0 0 6 0 407 0 870 541 0 0 882 0 770 864 501 0 209 28 316 0 0 945 779 0 0 417 777 0 16 643 236 747 296 906 0 0 0 0 0 0 0 0 939 575 0 91 867 0 224 0 886 0 673 283
639 150 602 273 458 223 0 654 0 0 0 713 614 0 0 966 369 678 846 0 0 0 836 0 0 0 0 597 0 0 846 215 670 618 0 0 583 861 519 267 0 796 690 481 466 619 450 603 0 0 407 0 870 541 0 39 0 723 770 0 0 926 209 0 0 0 0 0 0 340 0 0 777 0 0 643 0 0 0 906 853 0 0 0 580 0 336 667 0 575 0 91 867 0 0 0 0 0 673 0
0 0 602 273 458 223 0 654 0 162 273 0 614 133 71 0 369 0 846 242 36 0 0 0 0 0 959 597 0 0 0 0 0 618 51 0 583 0 519 267 0 0 0 0 0 619 450 603 6 0 0 0 0 541 882 0 0 0 770 0 0 926 209 0 0 660 315 0 0 340 482 417 0 0 0 643 236 0 296 906 853 463 72 578 580 994 0 0 939 0 692 0 867 502 0 413 886 496 673 0
0 150 602 273 458 223 0 654 473 162 273 713 614 0 0 0 369 678 846 0 0 596 0 363 0 0 959 0 0 0 0 215 670 0 0 949 583 861 0 0 598 0 690 0 466 619 450 603 0 0 0 0 0 0 0 39 0 0 0 0 501 0 0 28 0 0 315 0 779 340 482 417 777 486 16 0 0 747 296 906 0 0 72 578 0 994 336 667 939 0 692 91 0 502 0 413 886 496 673 0
0 0 0 273 458 0 0 0 0 0 273 713 0 133 0 0 369 678 0 0 0 596 836 363 333 645 0 0 0 0 846 0 0 618 0 0 0 861 0 0 598 0 0 0 466 0 450 603 6 0 407 0 870 541 882 0 882 0 770 0 0 0 209 28 0 660 315 0 779 0 482 0 0 0 0 0 236 747 0 0 0 463 72 578 580 994 336 0 0 0 0 91 867 0 224 0 0 0 0 283
639 150 0 0 458 223 0 0 0 162 273 713 614 0 0 0 369 678 846 0 36 0 836 363 0 0 959 0 0 156 846 0 0 618 51 949 583 861 0 267 598 796 690 481 0 619 0 603 0 995 407 0 870 541 882 0 0 0 770 864 0 926 209 28 0 0 315 945 0 0 0 0 777 486 0 643 0 747 296 906 853 0 0 0 0 0 336 667 939 575 0 91 0 0 224 413 0 496 0 283
639 150 602 273 0 0 256 0 0 0 273 713 614 133 0 966 369 678 846 0 0 0 836 0 333 0 959 0 511 156 0 0 0 0 0 0 583 0 519 267 598 796 0 0 0 0 0 0 0 0 407 0 0 0 882 39 882 0 0 864 0 0 0 0 316 660 315 0 0 340 0 417 0 0 16 0 236 0 296 0 0 463 0 0 580 0 0 667 939 575 692 91 867 502 224 0 886 0 673 0
639 0 602 0 0 0 256 654 0 162 273 0 0 133 71 966 0 0 0 242 0 0 836 0 333 0 959 597 0 156 846 0 0 618 0 0 0 0 519 267 0 0 0 0 0 0 450 603 0 995 407 119 0 0 0 0 882 0 770 0 0 926 0 0 316 660 315 0 779 340 482 417 777 486 16 0 236 747 296 0 0 0 0 0 0 0 336 667 939 575 692 0 0 502 0 413 886 0 673 283
639 0 0 0 0 223 256 654 473 162 273 0 0 0 0 966 369 0 846 242 36 0 0 363 333 0 959 597 0 0 0 0 670 0 51 949 583 0 0 267 598 796 0 481 0 0 0 0 6 995 0 0 0 541 882 0 0 0 770 0 0 0 0 0 0 0 315 0 0 0 482 417 0 0 16 0 236 0 0 906 853 463 72 0 580 994 336 0 939 0 0 0 867 502 224 413 0 496 0 283
0 150 0 273 458 223 0 0 0 0 0 0 0 0 0 0 0 678 846 0 0 0 0 0 333 0 959 0 0 0 846 215 0 618 51 0 583 0 0 0 0 0 690 481 466 0 450 603 0 0 0 119 0 541 0 0 0 723 0 0 501 926 209 28 316 0 0 945 0 0 0 417 777 486 0 0 236 0 296 906 853 0 72 578 0 994 0 0 0 575 692 91 0 0 224 0 886 496 0 0
639 0 602 0 0 0 0 654 473 162 0 0 614 0 71 0 0 678 0 0 36 0 836 363 333 0 0 597 511 0 0 215 0 618 51 0 583 0 519 0 0 0 0 0 0 619 0 603 0 995 407 0 870 0 882 0 882 723 770 0 501 926 0 28 0 0 0 945 779 0 482 417 777 0 0 643 236 0 0 0 853 0 72 578 0 0 336 0 0 575 0 0 867 502 224 0 0 0 673 283
0 0 602 0 458 0 256 0 473 162 0 713 614 133 71 966 0 678 846 242 36 596 0 363 0 0 0 0 511 0 846 0 0 618 51 949 0 0 519 0 598 796 690 0 0 0 450 0 0 995 407 0 870 541 0 39 0 0 770 0 0 0 209 28 316 0 0 945 0 340 0 417 0 0 16 0 0 0 0 0 853 0 72 0 0 0 0 0 0 575 692 0 0 0 224 413 886 0 0 0
0 0 602 0 0 223 0 654 0 162 0 713 614 133 0 0 0 0 0 242 0 596 0 363 333 645 959 0 511 0 0 215 0 618 51 949 583 861 519 0 0 796 690 0 466 0 450 0 6 0 407 0 0 0 0 0 0 0 0 0 501 0 0 28 316 0 315 945 779 340 482 417 0 486 0 643 0 0 0 906 0 463 0 578 0 0 336 0 0 0 692 91 0 502 0 413 0 0 673 283
0 150 602 273 0 0 0 654 0 162 0 713 0 133 0 0 0 678 846 242 36 0 0 0 0 645 0 0 0 156 846 215 0 618 0 0 0 0 519 267 598 796 0 481 0 619 0 0 6 0 0 0 870 541 882 0 882 0 0 0 0 926 0 0 0 0 315 945 779 0 482 417 777 0 16 643 0 0 0 906 853 463 0 578 580 994 0 667 939 0 0 91 0 502 224 413 886 0 673 0
0 0 602 0 458 223 256 0 473 162 0 0 0 0 71 0 0 0 846 0 0 0 0 363 0 645 0 597 0 156 846 0 670 618 51 0 0 0 0 267 0 0 690 481 466 0 450 0 0 995 0 0 0 0 0 0 0 723 0 0 0 926 209 28 316 0 0 945 0 0 482 417 0 0 0 0 236 0 0 0 853 463 0 0 0 994 336 0 939 575 692 0 0 502 0 413 886 0 673 0
639 150 0 0 458 0 256 0 473 162 273 0 614 133 0 966 0 678 846 0 36 596 0 0 333 0 0 0 511 156 846 0 670 618 0 949 0 0 0 0 0 0 0 0 466 0 450 603 0 0 407 0 870 541 0 39 882 0 770 864 501 926 209 0 0 660 315 945 779 340 0 0 777 486 0 643 236 747 296 906 0 0 72 0 580 0 0 0 0 0 0 91 867 502 224 413 0 0 673 0
639 150 0 273 458 223 256 0 473 162 273 0 614 0 71 966 0 678 846 0 36 0 836 363 0 645 959 0 511 156 0 0 670 618 51 949 583 861 519 267 598 0 690 0 466 619 450 603 6 995 0 0 870 0 0 39 882 723 770 0 501 926 0 28 0 660 0 945 779 340 0 417 777 486 0 643 0 0 296 906 0 463 0 578 0 0 336 0 939 575 0 91 0 502 0 0 886 496 673 283
639 150 0 273 0 223 0 654 0 0 273 0 0 133 0 0 0 0 0 0 36 596 0 363 0 0 0 597 0 156 846 0 670 618 0 949 0 861 519 0 0 796 690 0 466 619 450 0 0 995 0 0 0 0 882 0 0 0 770 864 501 926 0 0 0 660 315 0 779 0 482 0 777 0 16 643 236 0 296 906 0 463 0 578 0 0 0 0 0 575 692 91 867 0 0 413 0 496 0 0
0 150 0 273 0 223 256 0 0 162 273 0 0 0 0 966 369 0 846 0 36 0 836 0 333 645 0 0 511 156 846 215 670 618 51 949 0 861 519 267 598 796 690 0 0 619 450 603 0 995 407 119 870 0 0 0 0 723 0 0 501 0 0 0 316 660 315 0 779 0 0 0 777 486 16 643 0 747 296 0 0 0 72 0 580 0 0 667 939 575 692 0 867 0 224 0 0 0 0 0
639 0 602 0 458 0 0 654 0 0 0 713 0 133 71 966 0 678 846 242 36 596 836 0 333 645 959 597 0 0 0 0 0 0 0 949 0 861 519 0 598 796 0 0 0 0 450 603 6 995 0 119 0 0 882 39 882 0 0 864 0 0 0 28 0 660 315 945 0 0 0 417 0 486 0 0 0 747 296 0 0 463 72 0 0 994 336 0 939 575 692 91 0 502 0 413 886 0 0 0
0 150 602 273 458 0 0 0 0 162 0 0 614 133 71 966 0 678 0 0 0 0 836 0 333 645 959 597 0 156 0 0 670 618 0 0 0 0 519 267 598 0 0 0 0 619 450 0 0 0 407 119 0 0 0 39 882 723 0 864 501 0 0 0 0 0 315 0 779 340 0 0 777 486 0 0 236 747 296 906 853 463 0 0 580 0 0 0 0 575 0 0 867 0 224 413 0 496 0 0
639 0 602 273 0 223 0 0 473 162 0 0 0 133 71 966 369 0 846 0 0 596 836 363 0 0 0 0 511 156 846 0 0 618 51 949 583 861 519 267 0 796 690 0 0 619 0 0 6 0 0 119 0 541 0 39 882 0 0 0 501 0 0 28 316 0 315 0 779 340 482 0 0 0 16 643 0 0 0 906 853 463 72 578 0 0 0 0 0 0 692 0 867 0 224 0 886 0 0 283
639 150 602 273 458 223 256 654 0 0 0 0 0 0 71 0 0 0 846 0 36 0 0 363 333 645 959 597 511 156 0 0 0 0 51 949 0 861 519 267 598 796 0 0 466 0 450 0 6 995 407 0 0 541 0 0 882 0 0 0 0 926 0 0 316 0 0 0 0 0 0 0 0 0 16 643 236 0 0 906 0 0 72 578 580 994 336 0 0 575 0 0 0 0 224 413 0 0 673 283
0 0 602 273 458 223 0 654 0 0 0 713 614 0 0 0 0 0 846 0 0 0 0 363 0 0 0 597 0 0 0 0 0 0 51 949 0 861 519 267 598 796 690 0 0 0 450 0 0 0 0 0 0 541 0 0 0 0 770 864 501 0 209 0 0 660 0 945 779 0 482 417 0 0 16 643 236 0 0 906 853 0 0 578 580 994 0 667 939 0 0 91 0 0 0 0 886 496 673 283
0 0 0 273 0 0 256 0 0 162 0 713 614 0 0 0 369 0 0 0 0 596 836 363 333 0 0 0 0 156 846 0 0 0 51 0 0 861 519 267 0 796 690 481 0 619 450 0 6 0 0 119 0 0 882 39 0 0 0 864 0 926 209 0 316 660 0 0 779 340 0 417 777 486 16 0 236 0 296 906 853 463 0 0 0 0 0 0 939 0 692 91 0 0 224 0 0 0 673 283
0 150 602 273 0 223 0 0 0 0 273 713 0 0 0 0 0 0 846 242 36 0 836 363 0 0 959 0 0 0 0 0 0 0 51 0 0 861 519 267 598 796 690 481 0 0 0 603 6 0 0 0 870 541 0 0 882 723 770 0 501 926 0 28 0 660 0 945 779 340 482 0 0 0 16 0 236 0 0 0 853 463 72 0 580 0 0 667 0 575 0 0 0 0 0 0 886 496 673 0
639 0 602 0 458 223 0 0 473 162 0 0 0 0 0 966 0 0 846 0 36 596 836 0 0 645 0 597 0 0 846 215 0 618 0 0 583 861 0 267 598 0 0 0 466 0 0 603 6 995 407 0 0 0 882 39 882 723 0 0 0 0 209 28 0 0 0 945 0 0 0 0 0 486 16 643 236 0 0 0 853 463 72 0 580 0 336 667 939 575 0 91 867 0 0 413 0 0 673 0
0 0 0 273 458 223 256 0 473 162 273 713 614 133 0 966 0 0 0 242 0 0 0 0 0 645 0 597 0 156 846 0 0 0 51 949 583 861 519 267 0 796 690 0 0 0 450 0 6 0 0 0 870 0 0 39 882 0 0 864 501 926 0 0 0 660 315 0 779 0 0 0 0 0 16 0 0 0 0 0 0 463 72 0 580 0 336 667 939 0 0 0 867 502 224 0 0 496 673 283
0 150 0 273 458 223 256 0 473 0 273 713 614 0 0 0 369 0 0 0 0 596 836 0 333 645 959 0 0 156 0 215 670 0 0 949 0 0 0 0 0 796 690 481 466 619 450 0 6 0 407 119 870 541 882 39 882 723 0 864 501 0 209 0 0 660 0 945 0 340 0 0 777 486 16 0 236 0 296 906 0 463 72 0 0 994 336 0 0 575 692 91 0 0 0 0 0 0 673 283
0 0 602 273 0 223 256 654 0 162 0 0 614 133 71 966 369 0 0 0 36 596 0 0 0 645 0 0 511 156 846 215 0 618 0 0 0 861 519 267 598 796 0 0 466 0 450 0 6 995 407 0 0 0 882 39 882 0 770 864 501 926 209 0 0 660 0 945 779 0 0 417 777 486 16 0 0 0 296 0 0 0 0 578 0 994 336 0 939 575 692 91 867 502 0 413 886 0 0 283
639 150 602 273 0 223 0 0 0 162 273 0 614 133 71 966 369 678 0 0 0 596 836 0 0 0 0 0 0 156 846 0 670 618 0 0 583 861 519 0 0 0 690 0 466 619 0 603 6 995 407 0 870 541 0 39 882 723 0 0 501 926 209 0 0 660 0 0 0 0 482 417 777 486 16 0 236 0 296 906 0 0 0 0 0 994 336 667 939 575 692 91 0 0 224 413 886 0 673 0
639 150 602 273 0 0 256 654 0 162 273 713 614 0 0 0 0 0 846 242 36 0 0 363 0 0 959 0 0 156 846 0 670 618 51 949 583 0 519 267 0 0 0 0 466 0 0 603 0 995 407 119 870 0 0 0 0 723 770 0 0 0 0 28 316 0 315 0 779 340 482 0 0 0 16 643 0 747 296 0 0 0 0 578 580 0 0 0 939 575 692 0 0 0 224 0 0 496 673 283
639 150 602 0 0 0 0 0 0 0 273 713 0 0 71 966 369 0 846 242 36 0 0 363 0 0 0 0 0 0 0 215 0 618 51 0 0 0 519 267 598 0 0 0 466 619 450 603 6 995 407 0 870 541 882 0 882 723 0 864 0 926 0 0 0 660 315 0 0 0 0 0 0 0 16 643 0 747 0 0 853 463 72 0 580 0 0 667 939 0 692 0 867 0 224 0 0 496 0 0
0 150 0 273 0 0 256 0 0 0 0 713 0 0 71 966 0 0 0 242 0 596 836 0 333 0 959 597 0 156 846 215 670 618 51 0 583 0 519 0 0 796 0 481 466 619 450 0 6 995 407 0 0 541 882 39 882 0 0 0 0 926 209 28 316 660 0 945 0 0 0 0 777 486 16 0 0 747 296 0 853 0 0 578 580 0 336 667 939 0 0 0 867 502 0 413 886 496 0 283
0 150 602 0 458 223 256 654 0 0 0 713 614 133 0 966 369 0 846 242 36 596 0 363 333 645 959 597 0 0 846 0 0 0 0 949 0 861 0 0 598 796 690 0 0 619 0 0 6 995 407 119 0 0 882 0 0 0 0 864 0 926 209 0 0 660 315 0 779 0 0 0 0 486 0 0 236 747 0 0 0 0 72 578 0 994 0 0 0 0 0 0 0 502 0 0 0 0 673 283
639 0 0 0 0 223 256 0 473 162 0 713 614 133 0 0 369 678 846 242 0 0 0 0 333 645 0 0 511 0 0 215 670 0 0 0 583 861 0 267 0 0 690 481 0 0 450 0 6 995 0 0 870 541 0 0 0 723 0 0 0 926 0 0 316 660 0 0 0 0 482 417 777 0 16 0 236 747 296 0 853 463 0 0 0 0 336 667 939 575 692 0 0 0 224 0 886 0 673 283
639 0 602 0 0 223 256 0 0 0 0 713 614 0 0 0 369 0 846 0 0 596 836 363 0 645 959 597 0 0 0 215 670 618 0 949 583 0 519 0 0 0 690 0 466 0 450 603 6 0 0 119 0 0 0 39 882 723 770 864 501 926 209 0 316 660 0 0 0 340 0 417 777 0 16 643 0 747 0 0 853 0 0 0 580 0 0 0 0 575 692 0 867 502 224 413 0 496 0 0
639 150 0 0 458 223 0 0 473 0 0 0 614 0 71 966 369 0 846 242 36 0 0 363 333 0 959 0 0 0 846 0 0 0 51 0 583 0 0 267 0 0 690 0 0 0 450 0 0 0 407 119 0 541 0 39 882 0 770 0 0 926 209 0 316 660 0 945 779 0 0 417 0 0 16 0 236 747 296 906 853 463 0 0 0 994 0 0 0 0 692 91 867 0 224 0 886 0 673 283
639 150 0 273 458 0 256 654 0 162 0 713 0 133 0 0 369 678 0 0 0 0 836 363 0 645 959 0 0 0 846 0 670 0 51 0 583 0 0 267 0 0 0 0 466 0 450 0 6 995 407 119 0 541 0 0 882 723 770 864 501 926 0 0 0 0 315 945 0 340 482 0 0 486 0 643 0 747 296 906 0 0 0 578 0 0 0 0 939 575 692 91 0 0 0 413 886 496 673 0
0 150 602 0 458 223 256 654 0 162 0 713 0 0 0 966 369 678 846 242 36 0 836 0 0 0 959 597 511 156 0 215 670 0 0 949 0 861 0 0 598 0 690 481 466 619 0 0 6 0 0 119 870 541 882 39 882 723 0 864 0 926 209 28 0 660 315 945 0 0 0 0 0 0 16 0 236 0 296 906 853 0 0 0 580 0 0 667 0 575 0 91 867 502 0 413 0 0 0 0
639 150 602 0 458 223 256 0 0 162 0 713 0 133 0 966 0 678 0 242 0 0 0 0 0 0 959 597 511 156 0 0 0 618 0 949 0 0 0 0 0 796 690 0 466 0 450 0 0 995 0 0 870 541 882 39 882 0 770 0 501 0 0 0 316 0 0 0 779 340 0 0 777 486 0 643 0 747 0 906 0 463 72 0 580 994 336 667 939 0 692 91 0 0 224 0 886 0 0 0
639 0 0 273 458 0 256 0 0 0 0 713 0 0 71 0 0 0 846 242 36 596 836 0 333 645 0 597 0 0 0 215 670 0 0 0 0 0 0 267 0 0 0 481 0 619 0 0 0 0 407 0 0 0 0 0 0 0 770 0 501 0 209 0 0 660 315 0 779 0 0 417 0 0 0 643 236 747 0 0 0 463 72 0 580 0 336 0 939 575 692 0 0 502 0 0 886 0 673 0
0 0 0 273 0 223 256 0 473 0 0 0 0 0 0 0 0 0 0 242 0 0 0 363 0 645 0 0 511 156 846 0 0 618 51 949 0 861 0 267 598 0 690 0 0 619 450 0 6 995 407 0 0 541 882 39 0 723 770 0 0 926 209 0 316 660 0 0 0 340 0 0 0 486 16 0 0 747 0 906 853 463 72 578 580 0 0 667 0 0 0 91 867 0 224 413 0 496 673 0
639 150 0 273 0 223 256 654 0 162 0 713 0 133 71 966 369 0 0 0 36 596 836 363 0 0 0 0 0 0 846 0 670 0 0 0 0 861 519 0 0 796 0 0 466 0 0 0 0 0 0 119 870 541 0 0 0 723 770 0 501 926 209 28 316 660 0 0 779 0 0 417 0 0 16 643 236 747 296 0 853 463 72 578 0 994 0 0 0 0 692 91 0 0 0 0 0 496 0 0
639 150 602 273 458 0 256 654 0 162 273 713 614 133 0 966 0 678 0 0 0 596 0 0 0 0 959 0 511 0 846 0 670 618 0 0 0 0 519 267 0 796 690 481 466 619 450 0 0 995 0 119 0 0 882 0 0 0 770 0 0 926 209 0 0 660 0 0 0 340 0 0 0 0 16 0 236 0 296 0 0 463 72 0 0 0 0 667 0 0 692 0 867 502 224 413 886 0 673 0
0 150 602 0 0 0 0 0 473 162 273 713 0 0 71 966 369 678 846 0 0 596 836 363 333 645 959 597 0 0 0 0 0 618 0 949 583 0 519 0 0 796 0 0 0 619 450 603 6 0 0 0 0 541 882 0 882 723 0 0 501 926 209 28 0 660 315 945 0 340 482 0 0 0 16 0 236 0 0 906 0 0 0 0 0 994 0 0 0 0 692 91 0 0 224 413 886 496 0 0
639 0 0 0 0 223 256 654 0 0 0 0 0 0 0 0 0 678 846 242 36 596 0 363 0 645 959 0 0 0 846 215 0 618 51 949 583 861 519 267 598 796 0 481 0 0 450 603 6 0 0 0 0 541 0 0 0 723 770 864 501 926 209 28 316 0 315 0 779 340 482 0 0 0 16 643 236 0 296 906 0 0 0 578 0 994 0 667 0 575 0 91 0 0 224 0 886 0 0 0
639 150 0 273 458 0 256 654 0 162 0 0 614 133 71 966 0 678 846 242 36 596 836 363 333 0 959 0 0 0 0 215 0 618 0 949 583 0 519 267 0 0 0 481 0 619 450 0 6 995 0 0 0 541 882 39 882 723 0 864 0 0 209 28 316 0 0 0 0 0 0 0 0 486 0 643 0 0 0 906 853 463 72 578 580 0 336 667 939 0 0 0 0 502 0 413 0 0 673 283
639 150 602 0 458 0 0 654 0 0 0 0 614 0 0 966 0 678 0 0 0 0 0 363 333 0 0 0 511 156 0 0 670 0 0 949 583 861 0 0 598 796 690 0 0 619 0 0 6 0 0 0 0 0 882 39 882 723 770 0 501 0 0 28 316 0 315 0 0 340 482 417 777 0 0 0 0 747 296 906 0 0 0 578 580 0 0 667 939 575 0 91 0 0 0 413 0 0 0 0
0 150 602 0 0 0 256 654 0 162 273 0 0 133 0 966 369 0 846 0 36 0 836 363 0 0 0 0 511 156 0 0 670 618 51 0 0 0 0 267 0 0 0 0 0 619 450 0 0 995 0 0 870 541 0 39 0 723 0 864 0 926 0 28 316 660 0 945 779 0 0 0 777 486 0 643 236 747 0 906 853 0 0 578 580 994 0 0 939 0 692 0 0 0 224 0 0 496 673 0
0 0 0 0 0 0 256 0 473 0 0 0 0 133 0 966 369 678 846 0 0 596 0 0 0 645 0 0 0 0 0 0 670 0 51 0 0 861 519 0 0 796 0 481 0 619 0 603 0 995 0 0 0 0 882 39 882 0 770 0 0 926 209 28 316 660 0 0 0 340 0 417 777 0 16 0 236 0 296 0 0 0 72 578 0 994 0 667 0 575 0 0 867 0 0 0 886 0 673 0
0 150 602 0 458 0 0 654 0 0 0 713 614 133 71 966 0 678 0 242 0 0 0 0 333 645 959 597 0 156 0 0 670 618 51 0 0 861 519 0 0 796 690 0 466 619 0 0 6 995 407 0 870 541 882 39 0 723 770 864 501 926 209 0 316 660 315 945 779 0 0 0 777 486 0 643 236 747 296 0 0 463 72 0 0 994 336 0 0 575 692 0 867 502 0 413 886 496 0 283
639 150 0 273 458 0 0 0 473 0 273 713 614 133 71 966 0 0 0 0 0 596 0 0 0 645 959 597 0 0 0 215 0 618 0 0 583 0 519 267 0 796 0 0 466 619 0 603 6 0 407 119 870 0 882 0 882 723 770 864 0 926 209 28 316 660 0 945 0 340 0 0 777 0 0 643 0 747 296 0 853 463 0 0 580 994 336 667 0 0 692 91 867 0 224 0 886 496 673 0
639 0 602 273 458 223 256 0 473 162 0 0 0 133 71 0 0 0 846 0 36 596 836 0 0 0 959 0 511 0 846 215 0 618 51 0 583 0 519 267 598 796 0 481 466 0 450 0 0 995 0 119 870 0 882 0 0 0 770 0 501 926 209 28 0 660 315 0 779 0 0 0 777 486 16 0 0 747 0 0 853 463 0 0 0 994 0 667 0 575 0 91 0 0 224 413 0 496 0 283
639 150 602 273 0 0 0 654 473 0 273 713 0 133 71 966 369 0 0 242 0 0 0 0 0 645 959 0 511 156 0 215 670 0 0 949 0 861 0 0 0 0 0 0 0 0 450 0 0 995 407 119 0 0 0 39 882 723 770 864 0 926 0 0 316 660 315 0 779 0 0 0 0 486 16 0 0 747 0 0 0 463 0 578 580 0 0 0 0 0 0 91 867 0 224 413 886 496 673 0
639 150 602 0 458 223 256 0 473 0 0 713 0 0 71 966 369 0 0 242 36 0 0 0 333 645 959 597 0 156 0 0 0 618 51 949 583 0 0 0 598 796 690 0 0 619 0 603 6 995 0 119 870 0 882 0 882 723 770 864 0 0 0 0 316 0 0 945 779 340 0 417 0 486 0 643 236 0 0 906 853 0 0 578 580 994 0 667 939 575 692 91 867 502 224 413 0 0 0 0
0 150 602 273 458 223 256 654 473 0 0 0 614 133 71 966 0 0 846 242 36 0 0 0 0 645 0 0 511 0 846 215 0 0 51 949 583 861 519 267 0 796 690 481 0 619 0 0 0 0 0 0 870 0 0 0 0 0 770 864 0 0 0 28 0 0 315 0 779 0 0 0 0 486 0 0 236 0 0 906 0 0 72 0 580 0 0 667 0 0 0 0 867 502 0 413 886 0 673 0
0 150 0 273 0 223 256 654 0 0 273 0 0 0 0 966 0 0 0 242 36 0 836 0 333 645 0 597 0 0 0 0 0 0 51 0 0 861 0 0 0 796 690 481 0 619 0 0 0 995 407 119 870 0 0 0 0 723 0 0 0 926 0 28 316 660 0 0 0 0 482 0 777 486 16 643 0 0 0 906 0 463 0 578 0 994 0 0 939 575 0 0 0 0 224 413 886 0 673 0
0 150 602 273 0 223 256 654 473 162 0 713 0 0 0 966 369 0 0 242 0 596 0 363 333 645 0 0 0 0 846 215 670 618 51 0 583 861 519 267 0 0 0 481 466 0 450 0 6 995 0 119 0 0 882 39 0 0 0 0 501 0 0 0 0 660 0 0 0 0 0 0 0 0 0 0 0 747 0 906 853 463 72 578 0 994 336 0 939 575 0 0 867 0 0 413 0 0 0 0
639 150 602 273 458 223 256 654 0 162 273 713 0 133 0 966 0 678 0 242 0 0 836 0 0 645 959 597 511 156 846 215 0 618 0 949 0 0 519 0 598 0 0 481 0 0 0 0 6 0 407 0 870 541 0 0 882 0 770 864 0 0 0 28 316 660 0 945 0 0 482 417 0 486 0 0 0 747 296 0 0 0 72 578 0 0 0 0 939 0 0 0 867 0 224 413 886 0 0 0
0 150 0 0 0 223 0 654 0 162 273 0 0 0 0 0 369 0 846 242 36 0 0 363 333 0 0 597 0 156 0 215 670 618 0 949 583 861 0 0 598 0 690 481 0 0 0 603 6 0 0 0 870 541 882 0 882 0 0 0 501 926 209 28 0 0 0 945 779 340 0 0 0 486 16 0 236 0 296 0 853 463 72 0 580 994 336 0 0 0 0 91 867 0 224 0 886 496 673 283
0 0 602 0 0 0 256 654 473 0 273 0 0 133 71 0 0 0 0 242 36 0 0 0 0 645 0 597 0 0 846 215 0 618 51 0 583 0 519 0 598 796 0 0 466 0 450 603 0 995 407 0 0 0 0 0 0 0 0 864 501 926 0 28 316 0 315 945 0 0 0 0 0 486 0 643 236 0 296 906 0 463 72 578 0 994 336 0 939 575 0 0 867 502 224 0 886 496 673 283
639 150 0 0 458 223 0 0 473 0 0 0 0 0 0 0 369 678 0 0 0 596 0 0 333 645 959 597 511 156 0 0 0 618 51 949 583 0 519 267 598 796 690 481 466 0 0 603 6 0 0 0 870 0 882 39 882 0 0 0 501 0 209 28 0 0 0 0 0 0 482 417 0 486 16 643 236 747 0 906 853 0 0 0 0 0 0 667 0 0 0 0 0 502 224 413 0 496 673 283
639 0 0 0 458 0 0 654 0 162 273 0 0 133 71 966 0 0 0 242 36 0 0 0 333 0 0 0 0 156 0 215 0 0 51 0 583 0 519 0 598 796 690 481 0 0 450 603 0 0 0 0 870 541 882 0 0 723 770 864 0 926 209 28 0 0 0 945 779 0 0 0 777 486 16 0 0 0 296 0 853 0 0 578 580 994 0 0 0 0 0 0 0 502 224 413 0 0 673 283
0 0 602 0 458 223 0 654 473 0 0 713 614 0 0 966 0 678 0 0 36 0 0 363 333 0 0 597 0 156 846 215 670 0 0 949 583 861 519 267 0 0 690 481 0 0 0 0 0 995 407 119 870 541 0 0 0 0 0 864 501 926 209 28 316 0 315 0 0 340 0 0 0 0 0 0 236 747 296 0 853 463 72 578 580 0 0 0 0 0 0 0 867 502 224 413 886 0 0 0
639 0 602 0 458 0 256 654 0 162 0 0 0 133 0 966 369 678 846 0 0 596 836 0 333 0 959 0 511 156 846 0 0 618 0 0 583 861 0 0 598 0 690 481 0 0 450 0 6 0 0 0 0 0 0 39 882 0 770 0 0 0 0 28 316 0 315 945 0 0 482 417 0 486 16 643 0 747 296 0 853 463 72 0 580 994 0 0 0 0 692 0 867 502 0 413 0 0 673 0
0 150 602 273 0 0 256 654 473 0 0 0 0 0 71 966 369 0 0 0 36 0 836 0 0 645 0 0 511 156 0 215 0 618 0 949 583 861 519 0 598 0 690 481 0 0 450 0 6 0 407 119 0 0 882 0 882 0 0 864 501 926 0 0 0 0 0 0 0 340 0 0 0 0 16 0 236 0 296 0 853 0 72 0 580 0 336 0 939 575 692 91 867 502 224 0 0 496 0 283
639 0 602 273 458 223 0 0 0 162 273 713 614 133 0 966 369 678 846 0 36 0 0 363 0 0 0 0 511 0 0 215 0 618 51 0 0 861 0 0 598 796 0 0 466 619 450 603 6 0 407 119 0 0 0 39 882 0 0 864 501 0 209 28 0 660 315 945 0 340 0 0 0 0 0 0 0 0 0 0 0 463 0 0 0 994 0 667 939 575 692 91 867 0 224 0 0 496 673 0
639 150 602 273 458 0 0 0 0 162 0 0 0 0 0 966 0 0 846 242 0 596 0 0 0 645 0 597 511 156 0 0 670 0 0 0 583 0 519 0 598 0 0 0 466 0 450 0 0 995 0 119 870 541 882 39 0 723 770 864 0 926 209 28 316 660 315 945 0 0 0 0 777 0 16 643 236 747 0 0 853 0 72 578 580 994 336 667 939 0 692 0 0 0 224 413 886 496 0 283
0 150 602 0 458 0 256 0 473 0 0 0 0 133 0 0 0 678 0 242 0 0 0 0 0 0 959 597 0 156 0 0 670 0 0 949 0 861 0 267 0 796 0 0 466 619 0 0 0 0 0 119 870 541 882 39 882 0 0 0 0 926 0 28 0 0 0 0 0 0 482 417 777 486 16 643 236 747 0 906 853 463 72 0 580 994 336 667 939 0 0 91 867 0 0 413 886 496 673 0
0 150 0 0 0 0 0 0 0 162 0 0 0 133 71 0 369 678 0 0 0 596 836 0 333 645 959 0 0 156 0 0 0 618 0 949 583 861 519 0 0 0 690 0 0 0 0 603 6 0 407 0 870 0 0 0 0 0 770 0 501 926 209 28 0 660 0 945 779 340 482 0 777 486 0 643 0 747 296 0 853 463 0 0 580 994 0 0 939 0 692 0 867 502 0 413 886 0 0 0
0 0 0 273 0 0 256 0 473 162 0 713 0 133 0 966 0 0 846 242 0 596 836 0 0 0 0 0 0 0 846 215 670 0 51 949 583 861 519 0 0 796 0 0 0 0 0 603 6 0 407 0 0 541 0 39 0 0 0 0 501 0 0 0 0 660 0 945 779 0 482 0 777 486 16 0 236 747 296 906 853 0 0 0 0 0 336 0 0 575 692 0 0 502 0 0 886 496 673 283
0 0 0 273 0 223 0 654 473 162 0 713 614 133 71 0 369 0 846 0 36 0 0 0 0 0 959 0 0 0 846 215 670 618 0 0 0 861 0 0 0 796 690 0 466 0 0 0 0 0 407 119 870 0 0 0 882 723 0 864 0 926 209 28 316 0 315 945 0 0 0 0 777 486 0 643 0 0 296 906 0 0 0 578 0 0 336 0 0 575 692 91 0 0 224 413 0 496 0 283
639 0 602 0 0 223 0 0 0 162 0 0 0 133 71 0 0 0 846 242 0 0 0 0 333 645 959 0 0 156 0 215 0 0 51 949 0 0 0 267 0 0 690 481 0 0 0 603 6 995 407 119 0 541 0 39 0 723 0 0 0 926 209 0 316 660 315 0 0 340 0 417 0 486 16 643 0 747 0 906 0 0 72 0 580 994 336 0 0 0 0 91 0 0 224 413 886 496 0 0
639 0 0 273 0 0 0 0 0 162 273 713 614 0 0 966 369 0 846 0 36 596 0 0 0 645 959 0 511 156 846 215 670 0 51 949 0 0 519 0 598 796 690 0 0 0 0 603 6 0 407 0 0 0 882 39 0 0 0 864 501 926 0 0 0 0 0 945 779 340 482 417 777 486 16 0 0 0 296 906 853 463 0 578 580 0 0 667 939 575 0 0 867 502 224 0 886 0 0 283
639 150 0 273 458 223 0 654 0 0 0 0 0 133 0 966 0 678 846 0 0 0 836 363 333 645 959 597 511 156 846 215 0 618 0 949 0 0 519 0 598 796 690 481 0 619 450 0 6 0 407 119 870 541 0 0 882 0 770 864 0 926 0 0 0 0 315 945 779 340 482 0 777 0 16 0 236 0 296 0 853 0 0 578 580 994 336 0 939 575 0 91 867 502 224 413 0 496 0 283
639 150 602 273 0 0 0 654 0 0 0 713 614 133 71 0 0 0 846 0 0 0 836 363 333 0 959 0 511 0 0 215 0 618 51 949 0 0 0 0 598 796 690 481 0 0 450 0 0 0 407 0 0 541 882 39 0 723 0 0 501 926 209 28 0 0 0 945 0 0 482 0 777 486 0 0 236 747 296 906 853 0 0 0 580 994 336 667 0 575 692 91 0 0 0 0 886 0 0 0
639 0 0 273 458 0 256 0 473 162 0 0 614 133 71 0 0 0 0 242 0 596 836 363 333 645 0 0 0 156 846 215 670 0 0 949 583 861 0 267 0 796 0 481 0 0 450 603 6 0 407 119 870 541 0 39 882 723 770 0 0 0 209 28 0 0 0 0 0 0 0 0 777 0 16 643 236 0 296 0 0 463 0 0 0 0 0 667 939 0 0 0 867 0 224 413 0 496 673 0
639 150 602 273 0 0 256 654 0 0 0 0 0 133 71 966 0 0 0 0 0 0 836 363 333 645 0 0 0 0 846 215 0 0 0 949 0 0 0 0 0 0 0 0 466 619 0 603 6 995 407 0 870 541 0 0 0 723 770 0 501 926 209 28 0 660 0 945 0 0 482 0 0 0 0 0 0 0 296 906 0 463 72 578 580 994 336 0 939 0 692 91 867 0 0 0 886 0 673 0
0 150 0 273 458 223 0 654 473 0 0 0 0 133 0 966 369 678 0 242 36 0 0 363 0 645 0 0 0 156 0 0 670 618 0 0 0 861 0 0 0 0 0 0 0 0 0 0 0 0 407 119 870 541 0 39 882 723 0 864 501 0 209 0 316 660 0 945 779 340 482 417 0 486 16 643 0 0 0 0 853 463 0 0 0 0 336 667 0 0 692 91 867 0 0 413 886 0 0 283
639 0 602 0 458 223 0 0 473 162 273 713 614 0 0 0 369 0 846 242 0 596 836 0 333 0 959 597 511 156 846 0 0 618 51 949 0 861 519 0 598 796 690 481 0 619 0 0 6 995 407 119 870 541 882 39 882 0 0 864 501 926 209 0 316 0 315 0 779 0 0 0 777 486 16 0 0 0 0 0 0 0 0 0 0 994 0 0 0 0 692 91 867 502 0 0 0 496 673 0
639 150 0 273 0 223 256 0 473 162 0 0 0 133 0 0 369 0 0 0 36 0 836 363 0 0 959 0 511 0 846 215 0 618 51 0 583 0 0 0 0 796 690 481 0 619 450 603 6 0 407 0 0 541 0 39 0 0 0 0 0 926 0 0 316 660 315 945 0 340 482 0 0 486 16 0 236 0 296 906 853 463 0 578 0 994 336 0 939 575 0 91 0 0 224 413 0 496 0 283
639 150 602 0 0 0 256 0 0 162 0 0 614 0 0 966 369 678 846 0 0 596 0 363 0 645 959 0 511 0 0 0 670 618 0 0 583 861 0 0 598 0 690 481 466 0 0 603 6 0 0 0 870 541 882 39 882 723 770 0 0 0 209 28 0 660 315 0 0 0 482 417 0 486 16 0 0 747 0 906 0 463 0 578 580 0 0 0 0 0 692 91 0 502 224 413 886 0 0 283
0 0 602 0 0 223 256 0 0 162 0 0 0 0 71 966 369 678 0 0 36 596 0 363 0 0 0 0 511 156 846 0 0 618 51 0 583 861 519 0 0 796 690 0 0 0 450 603 0 995 0 0 0 541 0 0 0 0 0 0 0 926 0 28 316 660 0 945 0 340 482 0 0 0 16 0 0 747 0 906 0 0 0 0 580 994 0 667 939 575 692 91 867 0 224 0 0 0 0 283
639 150 602 273 458 223 256 654 473 0 0 0 614 133 0 0 369 0 0 0 36 596 0 363 333 645 959 0 511 156 846 0 0 618 0 0 0 861 519 267 598 0 690 0 466 0 450 0 0 995 0 119 870 0 0 0 882 0 0 864 501 0 209 28 316 660 0 945 0 0 482 417 0 0 0 0 236 747 0 906 0 0 72 0 580 994 336 0 939 575 692 91 867 0 0 413 0 0 0 283
0 0 0 0 458 223 0 654 0 162 273 713 614 0 71 966 369 678 0 242 0 0 0 363 0 0 959 597 511 0 0 215 0 618 51 0 583 861 519 267 0 796 0 481 0 0 0 0 6 995 407 119 870 541 882 0 0 723 0 0 501 926 0 0 0 660 315 945 0 0 0 0 0 0 16 643 236 747 296 0 853 463 0 578 580 0 0 667 939 575 0 0 0 502 0 413 0 0 0 283
0 150 602 0 0 223 256 654 0 0 0 0 0 133 71 0 0 678 846 0 36 0 836 0 0 645 959 0 511 156 846 215 670 0 51 0 0 0 519 267 598 0 690 481 466 0 0 603 6 0 407 0 0 541 882 0 0 723 0 864 501 0 0 28 316 0 315 0 0 340 482 0 0 0 16 0 236 0 0 0 853 0 0 0 0 0 0 667 939 575 0 0 0 502 224 413 0 496 0 0
14.43, 10.24, 25.03, 11.54, 27.59, 24.12, 21.41, 20.01, 17.69, 22.17, 18.5, 30.46, 21.91, 13.55, 29.21, 20.79, 34.82, 23.59, 21.08, 18.77, 10.48, 17.5, 29.49, 25.24, 16.74, 25.57, 27.07, 16.31, 17.85, 20.86, 21.7, 16.92, 24.62, 10.6, 11.51, 23.52, 19.22, 23.09, 17.13, 25.78, 19.06, 13.05, 9.57, 28.0, 21.96, 17.5, 20.44, 22.22, 19.36, 14.43, 13.0, 20.35, 23.22, 10.99, 14.93, 33.03, 15.15, 22.64, 24.41, 17.43, 30.34, 26.72, 19.41, 9.57, 27.7, 13.74, 26.53, 25.55, 17.49, 14.56, 19.05, 19.81, 7.53, 13.88, 14.4, 16.43, 26.64, 13.25, 14.7, 13.88, 24.5, 16.69, 24.63, 16.54, 16.92, 24.87, 31.16, 25.81, 18.22, 31.01, 27.86, 13.94, 21.53, 10.74, 29.19, 25.75, 21.2, 15.04, 21.27, 25.81
25.5, 19.03, 26.83, 17.98, 30.24, 28.77, 25.2, 25.5, 26.37, 28.01, 27.75, 26.58, 25.5, 19.92, 27.62, 28.22, 28.36, 27.44, 25.47, 28.35, 16.59, 26.25, 29.2, 28.22, 26.01, 27.98, 28.54, 27.95, 27.38, 25.64, 26.26, 25.64, 26.47, 18.28, 18.39, 25.64, 25.5, 27.97, 28.71, 27.13, 25.98, 18.88, 20.55, 25.76, 25.71, 27.21, 24.87, 25.5, 25.64, 25.58, 19.21, 27.58, 28.53, 17.82, 28.94, 26.41, 27.24, 28.0, 27.16, 25.5, 28.26, 28.6, 28.47, 16.59, 28.1, 19.72, 30.13, 28.92, 27.96, 26.17, 25.5, 25.5, 16.75, 19.5, 27.61, 26.23, 27.19, 20.02, 25.96, 20.26, 25.5, 25.64, 28.23, 27.42, 25.79, 29.12, 28.99, 26.96, 25.83, 28.53, 27.64, 17.71, 26.65, 19.03, 29.04, 27.22, 29.07, 26.35, 28.86, 26.89
12.51,9.66,33.79,20.25,8.05,26.81,21.15,32.51,9.3,8.71,11.9,23.12,23.24,34.12,8.81,8.29,28.63,18.97,32.56,30.67,8.32,22.87,7.82,28.14,15.81,13.67,9.57,33.05,27.46,26.08,17.63,26.55,20.97,11.5,17.77,33.11,14.65,14.65,9.81,8.95,15.76,10.18,22.78,9.97,27.68,23.74,22.55,10.85,15.54,21.57,10.23,24.19,8.47,9.84,31.1,25.59,23.44,31.31,12.65,12.97,18.66,24.61,22.92,16.24,33.84,31.59,31.47,24.78,27.86,23.83,14.72,32.3,32.89,26.98,7.99,33.4,12.32,16.03,31.92,34.09,17.87,26.17,27.66,15.45,9.01,31.02,17.04,20.27,26.26,10.52,34.45