100
639 150 602 273 458 223 256 654 473 162 273 713 0 133 0 0 369 678 0 242 0 596 836 363 0 645 959 597 511 156 846 215 670 618 51 949 583 861 519 0 598 0 690 0 466 619 450 603 6 995 407 119 870 541 882 39 882 723 770 864 501 0 0 28 0 0 0 945 779 340 0 417 777 486 16 643 0 747 296 906 853 463 72 0 580 994 336 667 939 575 692 0 867 502 224 413 886 496 673 0
0 150 602 273 458 223 256 0 0 0 273 713 614 133 71 966 369 678 0 242 36 596 836 363 333 0 959 0 0 156 0 0 670 0 51 949 0 0 519 267 598 796 690 481 466 0 0 603 6 995 407 119 870 541 882 0 882 723 770 864 501 926 209 28 316 660 0 945 0 340 482 417 777 486 0 643 0 747 296 906 0 463 72 0 0 994 0 0 939 575 692 91 867 0 224 0 886 496 673 283
639 150 602 273 458 223 256 654 0 162 273 0 614 133 0 966 0 678 846 242 36 596 836 363 333 645 959 597 511 156 846 215 670 618 51 949 583 861 519 267 598 796 690 481 0 619 450 0 0 995 0 119 870 541 0 0 0 723 0 864 501 926 0 28 316 660 315 945 779 340 0 417 777 0 16 643 236 747 296 0 853 463 72 0 580 994 336 667 939 575 0 91 867 502 224 413 886 496 673 0
639 150 602 273 458 223 256 654 0 0 0 713 0 133 0 966 369 678 846 242 36 596 836 363 333 645 959 597 511 156 0 0 0 618 51 949 583 861 519 267 598 796 0 0 466 0 450 0 6 0 407 119 870 0 882 39 882 723 770 864 501 0 0 28 316 660 315 0 779 340 482 417 777 0 0 643 236 747 296 906 853 463 72 578 0 994 336 667 939 575 692 91 867 502 224 413 886 496 673 283
639 150 602 273 458 223 256 654 473 162 273 713 614 133 71 966 369 678 846 242 36 0 0 363 333 0 959 597 511 156 846 215 0 618 51 949 583 861 519 267 598 0 0 481 466 619 450 603 6 995 407 119 870 541 0 39 882 723 770 864 501 926 209 0 316 0 315 945 779 340 482 417 777 0 16 643 236 747 296 0 853 463 72 578 580 994 336 667 939 0 692 91 0 502 224 413 886 496 673 283
639 150 602 0 0 223 256 654 0 162 273 0 614 0 0 966 0 678 846 242 36 596 836 363 333 645 0 597 511 156 846 215 670 618 51 949 583 0 519 0 598 796 690 481 466 619 0 603 6 995 0 119 0 541 882 39 882 723 0 0 501 0 209 28 316 660 315 945 0 340 482 417 777 486 16 643 236 0 296 0 853 463 0 0 580 994 336 0 939 575 692 91 867 502 224 413 886 496 673 283
0 150 602 273 0 223 256 654 473 162 273 0 614 133 71 966 369 678 846 242 36 596 836 363 333 645 959 597 0 156 846 215 670 618 0 949 583 861 519 0 0 796 690 481 466 0 450 603 0 995 0 119 870 541 882 0 882 0 770 0 501 926 209 28 316 660 315 945 779 340 482 0 777 486 16 643 236 747 296 906 853 463 72 578 580 0 0 667 939 0 692 91 0 502 224 413 886 496 673 0
0 150 602 273 458 223 256 654 473 0 273 0 614 133 71 966 369 678 846 242 36 596 836 363 333 0 959 597 511 156 846 215 670 618 51 949 583 0 519 267 598 796 690 481 466 619 450 603 6 995 0 119 0 541 882 39 882 0 770 864 501 926 0 28 316 660 315 945 779 340 0 417 777 486 16 643 236 747 296 0 853 463 72 578 580 0 336 667 939 575 692 91 867 0 224 0 886 496 673 283
639 150 602 273 458 223 256 654 0 162 273 0 614 133 71 966 0 0 846 0 0 596 836 0 333 645 0 597 511 156 846 215 670 618 0 949 583 861 519 267 598 796 0 0 466 0 450 603 6 995 407 0 0 0 882 39 882 723 770 864 501 926 0 28 0 660 315 945 0 340 482 417 777 486 16 643 0 747 296 906 853 463 72 578 580 994 336 667 939 575 692 91 867 502 224 0 886 496 673 283
0 150 602 273 458 223 0 0 473 162 273 713 0 133 71 966 369 678 846 0 36 596 836 363 333 0 0 597 0 156 846 215 0 618 51 949 583 861 0 267 598 796 690 481 0 619 450 603 0 995 407 119 870 541 882 39 0 0 0 864 501 0 0 28 316 0 315 945 0 340 482 417 777 0 0 643 236 747 296 906 853 0 72 578 580 994 336 667 939 575 692 91 867 502 224 413 886 496 673 0
639 150 602 273 0 223 256 0 473 0 0 0 614 0 0 966 369 678 846 242 0 596 836 0 333 0 959 597 0 156 0 215 0 618 0 949 583 0 519 267 0 796 690 481 466 0 450 603 6 0 407 119 0 541 882 39 882 723 770 864 501 926 0 28 316 660 315 945 779 340 482 417 777 486 16 643 0 747 296 906 853 463 72 578 580 994 336 0 0 0 692 91 0 502 224 413 886 496 673 283
639 150 602 273 458 223 256 654 473 162 273 0 614 133 71 0 369 678 846 242 36 596 836 363 333 645 0 597 511 156 846 0 670 618 51 0 583 0 519 267 598 796 690 481 0 619 450 603 6 995 407 119 870 541 882 0 882 723 770 864 501 926 209 0 316 660 315 0 779 0 0 417 777 486 16 0 236 747 296 0 0 463 72 578 580 994 0 667 939 575 692 91 0 502 224 0 886 496 673 283
639 150 0 273 458 223 256 654 0 162 273 713 614 133 71 0 369 0 0 242 36 596 836 363 333 645 959 597 511 156 846 215 670 618 51 0 583 0 519 267 598 796 690 481 0 0 450 603 6 0 407 119 0 0 882 39 882 723 0 864 0 926 209 28 316 660 315 945 779 340 482 417 777 486 0 0 0 747 296 0 853 463 72 578 580 994 336 667 939 0 692 91 867 502 224 413 0 496 673 283
639 0 602 273 458 0 256 654 0 162 273 713 614 133 71 966 369 678 846 242 36 0 0 363 333 645 959 597 511 156 846 215 670 0 0 949 583 861 519 267 598 796 690 481 466 619 450 0 6 995 407 119 870 541 882 39 882 723 770 864 501 0 209 28 316 660 315 945 779 340 482 417 777 486 0 0 0 747 296 906 0 0 72 578 580 994 336 0 939 0 692 91 867 502 0 413 886 496 673 0
639 150 602 0 458 0 256 654 473 162 0 713 614 133 71 0 369 678 846 0 36 596 836 363 333 0 959 597 0 156 846 215 0 618 51 949 583 861 519 267 598 796 690 481 466 619 450 603 6 995 407 0 870 541 882 39 882 723 770 864 501 926 209 28 316 0 0 945 779 0 482 417 0 486 16 643 236 747 0 906 853 463 72 578 580 994 336 667 939 0 0 91 867 0 0 0 886 496 673 0
0 0 0 273 0 223 256 654 0 0 273 713 0 133 71 966 369 678 846 0 36 596 836 363 333 645 959 597 0 156 846 215 0 618 51 949 583 861 0 267 0 796 0 0 466 0 450 0 6 995 407 119 870 541 882 39 0 723 770 864 501 926 209 28 316 660 315 945 779 0 482 417 777 486 16 643 0 747 296 906 853 463 72 578 580 994 336 667 939 0 0 91 867 502 224 413 886 0 673 283
639 150 602 273 458 223 256 654 473 0 273 713 614 133 0 966 369 678 0 242 36 596 0 363 333 0 959 597 511 156 846 0 670 618 51 0 0 861 519 267 598 796 0 481 0 619 450 0 6 995 407 0 870 541 882 39 882 723 770 864 501 926 0 28 316 660 0 945 779 340 482 417 777 0 16 643 0 747 0 0 853 463 72 578 0 994 336 667 0 0 692 91 867 502 224 413 886 496 673 283
639 150 602 273 0 223 256 654 0 162 0 713 614 0 71 966 369 0 846 242 0 596 836 363 333 645 0 0 0 156 846 215 670 618 51 949 583 861 519 267 598 796 0 481 0 0 450 603 6 995 407 119 0 0 882 39 882 723 770 0 501 926 209 28 0 660 315 945 779 340 482 417 777 486 16 643 236 747 296 906 853 463 72 0 580 994 0 667 939 0 692 91 0 502 224 413 886 496 0 0
639 150 602 273 458 0 256 0 0 162 273 713 0 0 71 0 369 678 846 242 0 596 0 0 0 645 959 597 511 156 846 215 0 0 0 949 0 861 519 267 0 796 690 0 466 619 450 603 0 995 407 119 870 541 882 0 882 723 770 864 501 926 209 0 316 0 315 945 779 340 482 417 777 0 16 643 236 747 296 906 853 463 72 0 0 994 336 667 939 575 692 91 0 502 224 413 0 496 673 283
639 0 602 273 0 223 256 654 473 162 273 713 614 133 71 0 369 678 0 242 0 596 836 363 0 645 959 0 511 156 0 215 0 618 51 949 583 0 519 267 598 796 0 481 466 619 450 603 6 995 407 119 870 0 0 39 882 723 770 864 501 0 0 28 0 660 315 945 779 340 0 0 777 486 0 643 236 0 296 906 853 463 72 578 580 994 336 667 0 575 692 91 0 502 0 0 886 496 673 283
639 150 602 273 458 223 256 654 473 162 273 713 614 133 71 966 369 678 846 242 0 596 836 0 333 645 959 597 0 156 846 215 0 618 51 0 0 861 519 267 0 796 0 481 0 619 0 603 6 995 407 119 870 541 882 0 882 723 770 864 501 926 209 28 0 660 0 945 779 340 482 417 777 486 16 643 0 747 0 906 0 0 72 578 580 994 336 667 939 575 0 91 867 502 224 413 886 496 673 283
639 150 602 273 458 0 256 654 0 0 0 713 614 0 71 0 369 678 846 242 36 596 0 0 333 645 959 597 511 156 846 215 670 618 51 949 583 861 519 267 0 0 690 0 466 619 450 603 6 995 407 119 870 541 0 39 882 723 770 864 501 926 209 28 316 660 315 0 779 340 482 417 0 486 0 643 0 747 0 906 853 463 72 578 580 994 336 667 939 575 692 0 867 502 224 413 886 496 673 283
0 150 602 0 458 223 256 0 473 162 273 713 0 133 71 966 369 0 846 242 36 596 836 363 333 645 959 0 511 156 846 215 670 618 0 949 583 861 519 267 598 0 0 481 0 619 450 603 0 0 407 119 870 541 882 39 882 0 770 864 501 926 209 28 316 660 315 0 779 340 0 417 777 486 16 643 236 747 296 906 853 463 72 0 580 994 0 0 0 575 0 91 0 502 224 413 886 496 673 0
639 150 602 273 458 223 256 0 473 0 273 0 0 133 71 966 369 0 0 0 36 596 836 363 333 645 959 597 511 156 846 215 670 618 0 949 583 0 519 267 0 796 690 481 466 619 450 603 6 995 407 119 870 541 882 39 882 723 770 864 501 926 209 0 316 0 315 945 779 340 482 0 777 486 16 0 236 747 296 0 853 0 72 0 0 994 0 667 939 0 692 91 867 502 224 413 0 496 673 283
639 150 602 273 458 223 256 654 473 162 273 0 614 133 71 966 369 678 846 0 36 596 836 363 333 0 959 597 0 156 846 215 670 618 51 949 583 861 0 267 0 796 690 0 0 619 450 603 0 995 407 0 0 541 882 39 882 0 770 0 501 926 209 0 316 660 315 945 779 340 482 0 777 486 16 643 236 0 0 906 0 0 72 578 580 994 336 0 939 0 692 0 867 502 224 413 886 496 673 283
639 150 602 273 458 223 0 0 473 162 0 713 0 133 71 966 369 678 846 0 36 0 0 363 0 645 0 0 511 156 0 215 670 0 51 949 583 861 519 267 598 796 690 481 0 619 450 603 6 995 407 119 870 541 882 39 0 723 770 864 501 0 209 28 316 660 315 0 779 0 482 417 777 486 16 643 236 747 296 906 0 0 72 578 580 994 336 667 939 575 692 91 867 0 224 413 886 496 0 283
639 150 602 273 458 223 256 654 0 162 273 713 0 133 0 966 369 678 846 242 36 596 836 363 333 645 959 0 0 156 846 215 0 618 51 949 583 861 519 267 598 796 690 481 0 619 450 603 6 995 407 0 870 541 882 39 0 723 770 864 501 926 0 0 316 660 315 945 779 340 0 417 777 0 16 0 236 747 296 906 0 463 0 578 580 994 336 0 939 575 692 91 867 502 224 0 886 496 673 0
0 150 602 0 458 0 0 654 473 162 273 713 0 133 71 966 369 678 846 242 36 596 836 0 333 645 959 0 511 156 0 0 670 618 51 949 0 861 0 267 598 796 690 0 466 619 450 603 6 995 0 0 870 0 882 39 882 723 770 864 501 926 209 28 316 660 315 945 779 340 482 417 777 486 16 643 0 747 296 0 853 0 0 0 580 994 336 0 939 575 0 0 0 502 224 0 886 496 0 283
639 0 602 273 458 0 256 654 473 0 273 713 614 133 0 966 369 678 846 242 36 596 836 0 333 645 959 0 0 156 846 215 670 618 51 949 583 861 519 267 598 796 690 0 466 619 0 0 6 995 407 119 870 541 882 39 882 723 770 864 501 926 0 0 316 660 315 945 779 340 0 417 0 486 16 643 0 747 0 906 0 463 72 578 580 994 336 0 939 575 692 91 867 502 0 413 886 496 673 283
639 150 602 273 458 223 256 654 473 162 273 713 614 133 71 0 369 678 846 242 36 0 836 0 333 645 0 597 511 156 846 0 670 0 51 949 0 0 519 0 598 796 690 481 466 619 450 603 6 995 407 119 870 541 0 39 0 723 770 864 501 0 209 28 316 660 0 945 0 340 0 417 777 486 0 643 236 0 0 906 853 463 72 0 0 994 0 667 939 575 692 91 0 502 224 413 886 496 673 283
639 150 602 0 458 223 256 654 473 162 273 713 0 0 71 966 369 0 846 242 36 0 0 363 0 0 959 597 511 156 846 215 670 618 51 949 583 0 519 0 598 796 690 481 0 619 450 603 6 0 0 119 870 541 882 0 882 723 770 864 501 926 209 28 0 660 315 945 779 0 0 417 777 0 16 0 236 747 296 906 853 0 72 578 580 994 336 667 0 0 692 91 867 502 224 413 0 496 0 0
639 150 602 273 458 223 256 0 473 162 273 713 614 133 0 0 369 678 846 242 36 596 0 0 333 645 959 597 511 156 846 0 670 0 51 949 583 861 519 267 0 796 0 481 0 619 450 0 6 0 407 119 870 541 882 39 882 0 770 0 0 926 209 0 316 660 315 945 779 0 482 417 777 486 0 643 236 747 296 906 853 463 72 578 0 994 336 667 939 575 692 91 867 502 224 413 886 496 673 283
639 0 0 273 458 223 256 654 473 162 273 0 614 133 0 966 0 0 846 242 0 596 836 363 333 645 959 0 511 156 846 215 670 618 51 0 583 861 0 267 598 0 690 481 0 619 450 603 0 995 0 119 870 541 0 39 882 723 770 864 501 926 209 28 316 660 315 945 779 340 482 417 777 486 16 643 236 747 296 906 0 463 72 578 0 0 336 667 0 575 692 0 867 502 0 413 886 496 673 283
639 0 602 0 458 0 256 654 473 162 273 713 614 133 71 966 369 0 846 242 36 596 836 363 333 645 959 0 511 156 846 0 670 618 51 949 583 861 519 267 598 0 0 481 466 0 0 603 6 995 407 119 870 0 0 39 882 723 770 864 501 926 0 28 316 660 315 0 779 340 482 417 777 486 16 0 236 747 296 906 0 463 72 578 580 994 336 667 939 575 692 91 0 502 224 0 886 0 0 283
639 150 0 273 458 223 256 654 473 162 273 0 614 133 71 966 369 678 0 242 36 596 836 363 333 645 959 597 511 156 846 215 0 618 51 949 583 861 519 267 598 0 690 481 466 619 0 603 6 995 407 119 0 541 882 39 882 723 770 864 501 926 209 28 316 660 315 945 779 340 482 417 777 486 16 643 236 747 296 906 853 463 72 578 580 994 336 667 939 0 692 91 867 502 224 413 886 496 673 283
639 150 602 273 458 223 256 654 473 0 273 713 614 133 0 966 0 678 846 242 36 596 836 363 333 645 959 597 511 0 846 215 670 618 51 949 583 861 519 0 598 796 690 481 0 619 450 603 6 995 407 119 0 541 0 39 0 723 0 864 501 926 209 28 316 660 315 945 779 0 482 0 777 486 0 643 236 747 296 906 853 463 72 578 580 0 336 667 939 575 692 91 867 502 224 413 886 496 0 283
639 150 602 273 458 223 256 654 0 0 273 0 614 133 71 966 369 678 846 242 36 0 836 363 333 645 959 597 511 156 846 215 670 618 0 949 583 861 519 267 0 796 690 481 466 0 450 603 0 995 407 0 870 541 882 0 882 723 770 864 501 926 209 28 316 660 315 0 779 340 482 417 777 486 16 643 236 747 0 906 0 463 72 578 0 994 336 0 939 575 0 91 867 0 224 0 886 0 673 0
639 150 602 0 458 223 256 654 473 162 0 713 614 133 71 0 369 678 846 242 0 596 836 363 333 645 959 597 0 156 846 215 0 618 51 949 583 861 519 267 0 796 0 481 466 619 450 0 6 995 407 119 870 541 882 39 882 723 770 0 501 926 209 28 316 660 315 945 779 340 482 417 777 0 16 643 236 747 296 0 853 463 0 0 580 994 336 667 0 575 0 0 0 502 0 413 886 496 673 283
639 0 602 273 458 0 256 654 473 162 0 713 614 133 0 966 369 678 846 242 36 596 836 363 333 645 0 597 511 0 846 215 0 618 51 949 583 861 0 0 598 796 690 481 0 619 450 603 6 995 407 119 870 541 0 39 882 0 770 864 501 926 209 0 316 660 315 945 779 340 0 0 777 486 16 643 236 747 296 0 853 0 0 578 580 994 336 667 939 575 692 91 867 502 224 413 886 496 0 0
0 150 0 273 458 223 256 654 0 0 0 713 614 133 71 0 0 678 846 0 0 596 836 363 333 645 959 597 511 156 846 0 670 618 51 949 0 0 0 267 598 796 690 481 466 619 0 603 6 0 0 119 870 541 882 39 882 0 770 864 501 0 209 28 0 660 315 945 779 0 482 417 777 0 0 643 236 747 296 906 853 463 72 578 0 994 0 667 939 575 692 91 867 0 224 0 886 496 673 283
639 150 602 273 458 223 256 654 473 162 0 713 614 0 71 0 369 678 846 242 36 596 836 363 0 645 959 597 511 156 846 215 670 618 51 949 583 861 519 267 598 0 690 481 466 619 450 603 6 995 0 119 0 541 882 39 882 723 770 864 501 926 209 28 316 0 315 0 0 340 482 417 777 486 16 643 236 747 296 906 853 463 0 578 0 994 336 667 939 575 692 0 867 502 224 0 886 496 673 283
639 0 0 273 458 223 0 654 473 0 273 0 0 0 71 966 369 678 0 242 36 596 836 363 333 645 959 0 511 156 846 215 670 0 51 0 583 861 519 267 598 796 0 481 466 619 450 603 0 995 407 119 870 0 882 39 882 723 770 864 501 926 0 28 316 660 315 945 0 340 482 0 777 486 0 643 236 0 0 0 0 463 72 578 580 994 336 667 939 575 692 91 867 502 224 413 886 496 0 283
639 150 602 273 458 0 256 654 0 162 273 713 614 133 71 966 369 678 0 242 0 596 836 363 333 0 959 597 511 156 846 215 670 618 51 949 583 861 519 267 598 796 690 481 466 619 450 603 0 995 407 0 0 541 0 39 882 723 770 864 501 0 209 28 316 660 315 945 779 340 482 417 777 0 16 643 236 747 296 906 853 0 72 578 580 994 336 667 939 575 692 0 867 502 224 413 886 0 673 0
639 150 602 273 458 223 256 654 473 162 0 713 614 133 71 966 369 0 846 242 36 596 836 363 0 645 959 0 511 156 846 215 670 618 51 949 583 861 519 267 0 796 690 481 466 0 0 0 6 995 407 119 870 541 882 39 882 723 770 864 0 0 0 28 316 660 315 0 779 340 482 417 777 486 16 643 236 747 296 906 853 463 72 578 580 994 336 667 939 575 692 91 867 502 224 413 886 496 673 283
0 150 602 273 458 0 256 654 473 162 273 713 614 133 71 966 369 678 846 242 36 596 836 363 333 645 959 597 0 156 846 215 670 618 0 949 583 861 519 267 598 796 690 0 466 619 450 603 6 995 407 119 870 541 882 39 0 723 770 864 501 926 0 28 0 660 315 0 779 0 482 417 777 486 16 643 236 0 296 906 853 463 72 578 580 994 336 667 939 0 692 91 867 502 224 413 0 496 0 283
639 150 602 273 458 223 256 0 473 0 0 713 0 133 0 0 369 678 846 242 36 596 836 0 333 0 959 0 0 156 846 0 0 618 51 949 583 861 519 267 598 796 0 481 466 0 0 603 6 995 407 119 0 541 882 39 882 723 0 864 501 0 0 28 0 660 0 945 779 340 482 417 777 486 16 643 236 747 296 906 853 463 72 578 580 994 336 667 0 0 692 91 0 502 0 413 886 496 673 283
639 150 602 273 458 223 256 0 473 162 273 713 614 133 0 966 369 0 846 242 36 596 836 363 0 0 959 597 511 0 846 215 0 618 51 949 583 861 519 267 598 796 0 481 466 0 450 0 6 995 407 119 870 541 882 39 882 0 770 864 501 926 209 28 316 660 315 0 779 0 482 417 777 486 0 643 236 747 296 0 853 463 0 578 0 0 0 667 939 575 692 91 867 502 224 413 886 496 0 283
639 0 602 273 0 223 256 654 473 162 273 713 614 133 71 966 369 0 846 0 36 596 836 363 0 645 959 597 0 0 846 215 670 0 0 0 583 0 519 267 598 796 0 0 466 619 450 603 0 995 0 119 870 541 882 39 882 723 770 864 501 926 0 28 0 660 315 945 779 340 482 417 777 0 16 643 236 747 0 0 853 463 72 0 580 0 336 667 939 0 692 91 0 502 0 413 886 496 673 283
639 0 602 273 458 0 256 654 473 162 273 713 614 0 0 966 369 678 846 242 36 596 836 0 333 0 959 597 511 156 0 215 0 0 51 949 583 861 519 267 598 796 690 481 466 619 450 603 0 0 0 119 870 541 882 39 882 723 0 864 0 926 209 0 316 660 0 945 779 340 482 417 777 0 16 0 236 747 296 0 853 463 72 578 580 994 336 667 0 575 0 0 0 502 224 413 886 496 673 283
639 150 0 273 458 0 256 654 473 0 273 713 614 133 0 966 369 0 846 242 0 596 836 363 333 645 959 597 0 156 846 215 670 618 51 949 583 861 519 267 598 0 0 481 466 619 450 603 0 995 407 119 870 541 882 39 882 723 770 864 501 926 209 0 316 660 315 945 779 340 482 417 777 486 16 643 236 747 296 906 853 0 72 578 0 994 336 0 939 575 692 0 0 502 0 413 886 496 673 283
639 150 0 273 458 0 256 654 473 162 273 713 614 133 71 966 0 678 846 242 36 596 0 0 333 0 959 597 511 156 0 215 670 618 51 949 0 861 519 267 598 0 690 0 466 619 450 603 0 0 407 0 870 541 882 0 882 0 770 864 501 926 0 28 316 660 315 0 779 0 482 0 0 486 16 643 236 747 296 906 853 463 72 578 0 994 336 667 939 575 0 0 867 502 224 0 886 496 673 283
0 150 602 273 458 223 0 654 0 0 273 713 614 133 71 0 369 0 0 242 36 0 0 363 333 645 959 597 511 0 846 215 670 618 51 949 583 0 519 267 598 796 690 481 466 619 0 603 6 995 407 119 0 0 882 39 882 723 770 864 501 926 209 0 316 660 315 945 779 340 482 417 0 0 0 643 236 747 296 0 853 463 72 578 0 994 336 0 939 575 692 91 867 502 0 413 886 496 673 0
639 150 602 273 0 223 256 654 0 162 273 713 614 133 71 966 369 678 0 0 36 596 836 363 333 645 959 597 511 156 846 215 670 618 51 949 583 861 519 267 598 796 690 481 466 619 0 603 6 995 407 119 870 541 882 39 882 723 770 864 501 926 209 28 316 660 315 945 779 340 482 417 0 486 16 0 236 747 296 906 0 463 72 578 580 994 336 667 939 575 692 91 0 502 0 413 0 496 673 283
639 150 602 273 0 0 256 0 473 162 273 713 614 133 71 966 369 0 846 0 0 596 836 0 0 0 959 597 511 156 846 215 670 0 51 0 583 861 519 0 598 796 690 0 466 619 450 603 6 995 407 119 870 541 882 39 0 723 770 0 501 926 209 0 316 660 0 0 779 340 482 417 777 486 16 643 236 747 296 906 853 463 72 578 580 994 336 667 939 575 692 0 867 0 224 413 886 496 673 283
639 0 0 273 458 223 256 654 473 0 273 713 614 0 71 966 369 678 846 242 36 596 836 363 333 645 959 597 511 156 846 215 670 618 51 949 0 0 0 267 598 796 0 481 466 0 450 603 6 995 407 119 870 0 0 0 882 723 770 864 501 926 209 28 316 660 315 0 779 340 482 0 777 486 16 0 0 747 296 906 853 463 72 578 580 994 336 667 939 575 0 0 867 502 224 0 0 496 673 283
639 150 602 273 458 0 256 0 473 162 273 713 0 133 71 966 0 678 846 0 36 0 836 363 333 645 959 597 0 156 846 215 0 618 51 949 0 861 519 267 598 796 690 481 466 0 450 0 6 995 407 119 870 541 882 0 882 0 770 864 501 926 209 28 0 660 315 945 779 340 482 0 777 486 16 643 236 747 296 906 853 0 72 578 0 994 336 667 0 575 0 91 867 502 224 413 886 0 673 283
639 150 602 273 458 223 256 654 473 162 0 713 0 133 0 966 369 0 846 0 36 596 836 363 333 0 0 0 511 156 846 215 670 618 51 0 583 861 519 267 598 0 690 0 466 619 450 603 6 995 407 119 870 541 882 39 882 723 770 864 501 926 209 28 316 660 315 945 779 340 482 417 777 486 0 643 236 0 296 0 0 463 0 578 0 994 0 667 0 575 692 91 0 502 224 0 886 496 673 283
639 0 602 273 458 0 256 0 473 0 273 713 614 133 71 966 369 0 846 242 36 596 836 363 333 645 959 0 0 156 0 215 0 618 51 949 583 0 519 267 598 796 690 481 466 0 450 603 6 995 0 119 870 0 882 39 882 0 770 864 0 0 209 0 316 0 0 945 779 340 482 0 0 486 16 643 0 0 0 906 853 0 72 578 0 994 336 667 939 575 692 91 867 502 224 413 886 496 673 283
639 150 602 273 458 0 256 654 0 162 273 713 614 0 71 966 369 678 846 242 36 0 836 0 333 645 959 597 511 0 846 215 670 618 51 949 0 861 519 267 598 796 690 0 466 619 450 0 6 995 407 119 870 541 882 39 882 0 0 864 501 926 209 28 316 660 315 945 779 340 482 417 0 486 0 0 236 0 296 906 853 463 72 578 580 994 336 667 939 575 692 91 867 502 224 413 886 0 673 283
639 150 602 0 458 223 256 654 473 162 0 713 614 133 71 966 369 678 846 242 36 596 836 363 333 645 959 597 511 0 0 215 670 618 51 949 583 861 519 267 598 796 690 481 466 619 450 0 6 995 407 119 870 541 882 39 882 723 770 0 501 926 209 0 316 660 315 945 779 340 482 0 0 486 16 643 0 747 0 906 853 463 72 578 580 0 336 667 939 575 692 91 867 502 224 413 0 0 0 283
639 150 602 273 458 223 256 654 473 162 273 713 0 133 71 0 369 678 846 0 36 0 836 363 333 645 959 597 511 156 846 0 670 618 51 949 583 861 0 0 598 796 690 0 466 619 450 603 6 995 0 0 0 541 882 39 0 723 0 864 501 926 209 28 316 660 315 0 779 0 482 0 777 486 0 643 236 747 296 0 853 0 72 578 580 0 336 667 0 575 0 91 867 502 224 413 886 496 0 283
639 150 602 273 458 223 0 654 0 162 273 713 614 133 71 966 369 0 846 242 36 0 836 363 333 645 959 597 511 156 846 215 0 618 0 949 0 861 519 267 0 796 690 481 0 619 450 603 6 995 407 119 870 0 882 0 882 723 0 864 501 926 0 28 316 660 315 0 0 340 482 0 777 0 16 643 236 747 296 0 0 463 72 0 580 994 336 667 0 575 692 91 0 502 224 413 886 496 673 0
0 150 602 273 458 223 0 0 473 162 273 713 0 133 71 966 369 0 846 242 36 596 836 363 333 645 959 0 511 0 846 215 0 618 0 949 0 861 519 267 598 796 690 481 466 619 450 603 6 995 407 119 0 0 0 39 882 0 0 864 501 926 209 28 316 660 315 945 0 340 482 417 777 486 16 643 0 0 296 0 853 463 72 0 580 994 336 667 939 575 692 91 867 502 224 413 0 496 673 283
639 150 602 273 458 223 256 654 473 0 273 713 614 133 71 966 369 678 0 242 36 0 836 363 333 645 959 597 0 156 846 215 670 618 51 949 583 0 519 267 0 796 690 481 466 619 450 603 0 995 407 119 870 541 882 39 882 723 770 864 501 926 209 28 316 660 315 945 779 340 0 417 777 0 16 0 236 747 296 0 853 463 72 0 0 994 336 667 939 575 692 91 0 502 224 413 886 0 673 283
639 0 602 273 458 223 256 0 0 162 273 713 614 133 71 966 369 0 846 242 36 596 836 0 333 645 0 597 511 156 0 0 670 618 0 949 583 861 519 0 0 0 690 481 466 619 450 603 6 995 407 0 870 541 882 39 0 723 770 0 501 926 209 28 316 660 315 945 779 340 482 417 777 0 16 0 236 747 296 906 853 463 72 0 580 994 0 667 0 0 0 91 867 502 224 413 0 496 673 283
0 150 0 273 458 223 256 654 473 162 273 713 614 0 71 966 369 678 846 242 36 596 0 363 333 645 959 597 511 156 846 215 0 618 51 949 583 0 519 267 598 796 690 481 0 619 450 603 6 0 407 119 870 541 882 39 882 723 0 864 501 926 209 28 316 660 0 0 779 340 482 417 777 486 16 0 0 747 296 0 853 463 0 578 580 994 336 0 939 0 692 91 867 502 0 0 886 496 673 0
639 150 602 273 458 0 256 654 473 162 273 713 0 133 71 966 0 678 846 242 36 596 836 363 333 0 959 0 511 156 846 215 670 618 51 949 583 861 519 267 598 796 690 481 466 619 450 603 6 995 407 119 0 0 882 39 0 723 0 864 501 0 209 0 316 660 315 945 779 340 482 417 777 486 16 0 236 0 296 906 853 463 0 578 580 994 336 667 939 575 692 91 867 502 224 0 0 496 673 283
639 0 602 273 458 223 0 654 473 0 273 713 0 133 0 966 0 678 0 0 36 596 836 363 333 0 959 597 511 156 846 215 670 618 0 949 583 0 519 267 0 796 690 481 466 0 450 603 6 995 407 119 870 541 882 0 882 723 770 864 501 0 209 0 0 660 315 945 779 340 482 0 777 486 16 643 236 0 296 906 853 463 72 578 580 994 0 667 0 575 692 91 867 502 224 413 886 496 673 283
639 150 602 273 458 223 0 0 473 162 273 0 614 133 71 0 369 0 846 242 36 596 836 363 333 645 959 597 511 156 0 215 670 618 51 949 583 861 519 267 0 796 690 481 466 619 450 603 6 0 407 119 870 541 882 39 0 723 770 864 501 926 209 28 316 660 0 945 779 0 482 417 777 486 16 643 236 747 296 906 853 463 0 578 580 994 336 667 939 575 692 0 867 0 224 413 0 0 0 283
639 150 602 0 458 223 0 654 473 0 273 0 614 0 71 966 369 678 846 242 36 596 836 363 333 645 959 597 511 156 846 215 670 618 51 949 583 861 519 267 0 796 690 481 466 0 450 603 6 995 407 0 870 541 882 39 882 723 770 0 501 926 209 28 316 660 315 0 0 340 482 417 0 486 16 643 236 747 0 906 853 0 72 578 580 994 336 667 939 575 692 91 0 502 224 413 886 0 673 0
639 0 602 0 458 223 256 654 473 162 273 713 614 0 71 0 369 678 846 0 36 596 0 363 0 645 959 597 511 156 846 215 670 0 51 949 583 0 519 267 598 796 690 481 466 0 450 603 0 995 407 119 870 0 0 39 882 723 0 864 0 926 209 0 0 660 0 945 779 340 0 417 777 486 16 643 236 747 0 0 853 463 72 578 580 994 336 667 939 575 692 91 867 502 224 413 0 496 673 0
639 150 602 273 458 223 256 654 473 162 0 713 614 133 71 966 369 0 0 242 36 596 836 363 0 0 959 597 511 0 846 215 670 0 0 0 583 861 519 267 598 796 690 0 466 0 450 603 6 995 0 119 870 541 0 39 882 723 770 864 501 926 209 28 0 660 315 945 0 340 482 417 777 486 16 643 236 747 296 0 853 0 0 578 580 994 336 0 939 575 0 91 867 502 224 0 886 496 673 0
639 150 602 273 458 223 256 654 473 162 273 713 614 0 71 966 0 678 846 242 36 0 0 363 333 645 0 597 511 156 846 215 670 618 51 0 583 0 519 267 598 796 690 481 466 619 0 603 6 995 407 119 870 0 882 0 882 723 770 864 0 926 209 28 316 660 0 945 0 0 0 417 777 0 0 643 236 747 296 906 853 463 72 578 580 0 336 0 939 575 692 91 867 502 224 0 0 496 673 283
639 150 602 273 0 223 256 654 0 162 273 713 614 133 0 966 369 678 846 242 36 596 0 0 333 645 959 0 511 156 846 0 670 618 51 949 583 861 519 0 598 0 690 0 466 619 450 603 6 995 407 119 870 541 0 39 882 723 0 864 0 926 209 28 316 660 315 945 779 340 0 417 777 486 16 643 236 747 296 0 0 463 72 578 580 994 0 0 939 575 0 91 0 502 224 413 0 496 673 283
639 150 602 273 458 223 256 654 473 162 0 713 614 0 0 0 369 678 846 242 36 596 836 363 333 645 959 597 511 156 846 215 0 0 51 0 583 861 519 267 598 0 690 481 466 619 450 603 6 0 407 119 870 541 882 39 882 0 770 864 501 926 209 28 316 660 315 945 779 340 482 417 777 486 16 643 236 0 0 906 853 463 0 0 0 0 336 667 939 575 0 0 0 502 224 413 886 0 0 0
0 150 602 273 458 223 256 654 473 162 273 713 614 133 71 966 369 0 846 242 36 596 0 363 333 645 959 597 0 156 846 215 670 618 51 949 583 861 519 267 598 796 690 0 466 619 450 603 6 995 407 0 0 541 0 39 882 723 770 0 501 926 209 28 316 660 0 945 779 340 482 417 777 0 16 643 236 0 296 906 0 0 0 578 580 994 336 667 939 575 692 91 0 502 224 413 886 496 673 283
639 150 602 273 458 223 0 654 473 0 273 713 614 133 71 966 369 0 0 242 36 0 836 363 333 0 959 597 511 0 846 215 670 618 51 949 583 861 519 0 598 0 690 481 0 619 450 603 0 995 407 119 870 541 882 39 882 723 0 864 501 926 209 28 316 660 315 945 779 340 482 417 777 486 16 0 0 747 296 906 853 463 72 0 580 994 336 667 939 575 692 91 0 502 0 413 886 0 673 283
639 150 602 273 458 223 0 0 473 0 273 713 614 133 71 966 369 678 846 242 36 596 836 363 333 645 959 597 511 0 846 215 0 618 51 949 583 861 519 267 0 796 690 481 466 619 450 603 6 995 407 119 870 541 882 39 882 723 770 864 501 926 209 28 316 0 315 945 0 0 482 417 0 0 16 643 236 747 296 906 0 463 0 578 0 0 336 667 939 575 692 91 867 502 224 413 886 496 673 283
639 150 602 273 458 0 0 654 0 162 273 0 614 133 71 966 0 0 846 242 36 0 0 363 333 645 959 597 511 156 846 0 670 618 51 949 583 861 519 267 598 796 690 481 0 619 0 603 6 995 407 119 870 541 882 39 882 0 0 864 501 926 209 28 316 660 0 945 779 0 0 417 777 486 16 0 0 747 296 906 853 0 72 578 580 994 336 667 939 575 692 91 0 502 0 413 886 496 673 283
639 150 602 0 458 223 0 654 473 162 273 713 614 133 71 0 369 0 846 242 36 596 836 363 333 0 959 597 0 156 846 0 670 618 0 0 583 0 519 0 598 796 690 0 466 619 450 0 6 995 0 119 870 541 882 39 882 723 770 864 501 0 0 0 316 660 315 945 779 340 0 417 777 486 0 0 236 0 296 906 0 463 72 578 580 994 336 667 0 575 692 91 867 502 224 0 0 0 673 283
639 150 602 273 458 0 0 0 473 162 273 713 614 0 71 0 0 678 846 242 36 596 836 363 333 645 959 597 0 0 846 215 670 618 51 949 0 861 519 0 598 0 690 481 466 0 450 603 6 0 407 0 870 541 0 39 882 723 770 864 501 926 209 0 0 660 315 945 779 340 482 417 777 486 16 643 236 747 296 906 853 463 0 578 580 0 336 667 0 0 692 91 867 502 224 0 0 496 0 283
639 0 0 273 0 223 256 654 473 162 273 713 614 133 0 966 369 0 0 242 36 596 836 363 333 0 959 597 0 156 846 215 670 618 51 949 583 861 519 267 598 796 690 481 0 619 450 603 6 995 407 119 870 541 882 0 882 723 0 864 501 926 209 28 316 660 315 945 779 340 482 417 777 486 16 0 236 0 296 0 853 463 72 578 580 0 336 667 939 575 692 0 0 502 224 0 886 496 0 283
639 150 602 0 458 223 256 654 473 162 273 713 614 133 71 0 369 678 0 242 36 0 836 363 333 645 0 597 0 156 846 215 670 618 51 0 0 861 519 0 598 796 690 481 466 619 450 603 6 995 0 119 870 541 882 0 882 723 770 864 501 0 209 28 316 660 315 945 779 340 482 417 777 486 16 0 236 747 296 0 853 463 72 578 580 994 336 667 939 575 692 91 867 502 224 0 886 0 673 283
0 150 602 273 458 223 0 654 473 162 273 713 614 133 71 0 0 678 846 0 36 596 836 363 333 645 959 597 511 156 846 0 670 618 51 0 583 861 519 267 598 796 690 481 466 619 450 0 0 0 407 0 870 541 882 39 0 723 770 864 0 926 209 28 316 660 315 945 779 340 482 417 777 486 16 0 0 747 0 906 853 463 72 578 580 994 336 667 939 0 692 91 867 502 224 0 886 496 673 283
639 150 0 273 0 223 0 0 473 162 0 0 614 133 71 966 369 678 846 242 0 0 836 363 333 0 0 0 511 0 846 215 0 618 51 0 583 861 519 267 598 796 690 0 0 619 450 603 0 0 407 119 870 541 882 39 882 723 770 864 501 926 209 28 316 660 0 945 0 340 482 417 0 486 16 0 236 747 0 906 853 0 72 578 580 994 0 667 939 575 692 91 867 502 0 413 886 496 673 283
0 150 602 273 0 223 256 654 473 162 273 713 614 133 71 966 369 678 0 242 36 596 836 363 333 645 959 597 0 156 0 215 0 618 0 949 0 861 519 267 598 796 690 481 466 0 450 603 6 995 407 119 870 541 0 39 882 723 770 0 0 926 209 28 0 0 315 945 779 340 482 417 777 486 16 0 236 747 296 906 853 463 72 0 580 994 336 667 939 575 692 91 867 502 0 0 0 496 0 283
639 150 602 0 458 223 0 654 473 162 273 0 614 0 71 966 369 0 846 242 36 596 0 363 333 645 959 597 0 0 0 215 670 618 51 949 583 0 519 267 0 796 690 481 466 619 450 603 6 995 407 119 0 541 882 39 882 723 770 864 501 926 209 28 316 660 315 945 779 340 482 417 777 486 16 643 236 0 296 906 853 0 72 0 580 994 336 667 939 575 0 91 867 0 0 413 886 496 673 283
639 150 602 273 458 223 256 0 473 162 273 713 614 133 71 966 369 678 846 242 36 596 0 363 333 0 959 597 0 0 846 215 670 618 51 0 0 861 519 267 598 796 690 481 466 619 450 603 6 995 407 119 870 541 882 0 882 723 770 864 501 926 209 28 0 660 315 945 779 340 482 417 0 486 16 0 0 0 0 906 0 463 72 578 580 0 0 667 0 575 692 91 0 502 224 413 886 496 673 283
639 0 602 273 0 223 256 654 473 162 273 713 0 0 71 966 369 678 846 242 36 596 836 363 333 645 959 597 511 0 0 215 670 618 51 949 583 0 519 267 598 796 690 0 0 619 450 603 6 995 407 119 870 541 882 39 0 723 0 864 501 926 0 28 316 660 315 945 0 340 482 417 777 0 16 643 0 747 296 906 853 463 72 578 580 994 336 667 939 0 692 0 0 502 224 413 886 496 673 283
639 150 602 273 458 223 256 654 473 162 0 0 614 133 0 966 369 0 846 242 36 596 836 363 333 0 959 597 511 156 0 215 670 618 51 949 0 861 519 267 598 796 690 481 466 619 450 603 0 995 0 0 0 541 882 39 0 723 770 0 501 926 209 28 316 660 315 0 779 340 0 417 777 486 16 643 236 747 0 906 853 0 72 578 580 0 0 0 939 575 692 0 0 502 0 413 0 496 673 0
639 0 602 273 0 223 256 654 473 162 273 713 614 0 0 966 369 678 846 242 36 596 836 363 333 645 959 597 511 156 846 0 670 618 51 949 583 861 519 267 598 796 690 481 466 619 450 603 6 0 407 119 870 541 882 39 0 723 770 864 0 926 209 0 316 660 315 945 0 340 482 417 777 486 0 0 236 0 296 906 853 463 0 578 0 994 336 667 939 575 692 91 867 502 224 413 886 496 673 283
639 150 602 273 0 223 256 0 0 162 273 713 614 133 0 966 0 678 846 242 36 596 836 363 333 645 959 0 511 0 846 215 670 618 0 949 583 861 519 267 0 0 690 481 0 619 450 603 0 995 407 0 870 0 882 39 882 0 0 0 0 926 0 28 316 0 315 945 0 340 482 417 777 0 16 643 236 0 296 0 853 0 72 578 580 994 336 0 0 0 692 91 867 502 224 413 886 0 673 0
639 150 0 273 458 223 256 654 473 162 273 713 0 133 0 0 369 678 846 0 0 596 0 0 333 645 959 0 0 156 846 215 670 0 51 0 583 861 519 267 0 0 690 0 466 0 450 0 6 995 0 119 0 541 882 39 882 0 770 864 0 926 209 0 316 660 315 945 779 340 0 417 777 486 16 0 0 747 0 906 853 463 72 0 580 994 336 667 939 575 692 91 0 502 224 0 886 496 673 283
639 150 602 273 458 223 256 654 473 162 273 0 614 133 71 966 369 678 846 242 36 596 836 363 333 0 959 597 0 156 846 215 0 618 0 949 0 861 519 267 0 796 690 481 466 619 450 603 0 995 0 119 870 541 882 39 882 723 770 864 501 926 209 28 316 660 0 0 779 340 482 417 0 486 16 643 236 747 296 906 0 463 72 578 580 0 336 667 939 575 692 91 867 502 224 413 886 496 673 283
639 150 602 0 0 223 0 654 473 162 273 713 614 133 71 966 369 0 846 0 36 596 836 363 333 645 0 597 511 0 846 215 670 618 51 949 583 861 519 267 0 0 690 0 0 619 450 603 6 995 407 0 870 541 882 0 882 723 0 864 501 926 209 0 316 660 315 945 779 340 0 417 777 486 16 643 0 747 296 906 853 463 72 578 580 994 336 0 939 575 692 91 867 502 224 413 886 496 673 283
639 150 602 273 458 223 256 654 473 162 273 713 614 133 0 966 0 678 846 242 36 596 836 0 333 645 959 597 0 156 846 215 670 618 0 949 0 861 519 267 598 796 690 481 466 619 450 603 6 995 407 119 870 541 882 39 882 723 770 864 501 926 0 28 316 660 0 945 779 340 482 417 0 486 16 643 236 0 296 906 0 463 72 578 580 0 336 667 0 0 692 91 0 502 224 413 886 496 673 283
0 150 0 273 458 223 0 654 473 162 273 713 614 133 71 966 369 678 0 242 36 596 836 363 333 645 959 597 511 0 846 215 0 618 51 949 0 861 519 267 598 796 690 481 0 619 450 603 6 0 0 119 870 0 882 39 882 723 770 864 0 926 209 28 316 660 315 0 779 340 482 417 777 486 16 643 236 747 296 906 853 463 72 578 580 994 336 667 939 575 0 91 0 502 224 413 886 496 0 283
639 150 0 273 458 223 0 654 473 162 273 713 0 133 0 0 369 678 846 242 36 596 836 363 333 645 959 597 511 156 846 215 670 618 0 949 0 861 519 267 598 796 690 481 466 619 450 603 6 0 407 119 870 541 882 39 882 723 0 864 501 926 209 28 316 660 315 945 779 340 0 0 777 486 0 643 236 747 296 906 853 0 72 578 580 994 0 667 939 575 0 91 867 502 224 0 886 496 673 283
639 150 602 273 458 223 256 654 473 162 273 713 614 133 71 966 369 678 846 242 36 596 836 363 0 645 959 597 511 156 846 215 0 0 51 949 583 0 519 267 598 796 690 0 0 0 450 603 6 995 407 119 0 541 0 39 0 0 770 864 501 926 209 28 0 660 315 945 0 0 0 0 777 486 16 0 236 747 296 906 853 463 72 578 0 994 336 667 939 0 692 0 867 502 224 413 886 496 673 283
639 0 602 0 458 223 0 654 473 162 273 713 614 133 0 966 369 678 846 242 36 596 836 363 333 645 959 597 0 156 846 215 0 618 51 949 583 0 519 267 598 0 690 481 466 619 450 603 6 995 0 119 870 541 0 39 882 723 770 864 0 926 0 28 316 0 315 945 779 0 0 417 777 486 16 643 236 0 296 906 0 463 72 578 0 994 336 667 939 0 692 91 867 502 224 413 886 496 673 283
20.79, 14.43, 21.91, 17.69, 17.13, 17.85, 22.17, 24.62, 16.54, 14.43, 25.75, 30.46, 29.19, 26.72, 26.64, 20.44, 13.55, 19.06, 24.87, 13.88, 21.27, 22.22, 13.88, 21.2, 18.22, 25.57, 24.12, 19.41, 19.22, 16.74, 29.21, 26.53, 24.5, 25.81, 13.0, 11.54, 19.81, 29.49, 10.99, 23.52, 16.92, 10.24, 17.5, 13.74, 18.5, 27.07, 21.7, 25.03, 17.43, 20.86, 9.57, 24.63, 27.86, 15.15, 15.04, 25.24, 14.93, 25.81, 10.74, 14.4, 23.09, 28.0, 13.05, 18.77, 19.05, 16.43, 31.01, 20.35, 21.96, 10.6, 25.55, 14.7, 30.34, 27.59, 17.5, 23.22, 33.03, 27.7, 16.69, 13.25, 22.64, 11.51, 24.41, 20.01, 23.59, 19.36, 7.53, 21.41, 21.53, 34.82, 17.49, 31.16, 16.31, 9.57, 13.94, 21.08, 14.56, 16.92, 10.48, 25.78
28.22, 25.58, 25.5, 26.37, 28.71, 27.38, 28.01, 26.47, 27.42, 25.5, 27.22, 26.58, 29.04, 28.6, 27.19, 24.87, 19.92, 25.98, 29.12, 19.5, 28.86, 25.5, 20.26, 29.07, 25.83, 27.98, 28.77, 28.47, 25.5, 26.01, 27.62, 30.13, 25.5, 26.89, 19.21, 17.98, 25.5, 29.2, 17.82, 25.64, 25.64, 19.03, 27.21, 19.72, 27.75, 28.54, 26.26, 26.83, 25.5, 25.64, 20.55, 28.23, 27.64, 27.24, 26.35, 28.22, 28.94, 26.96, 19.03, 27.61, 27.97, 25.76, 18.88, 28.35, 25.5, 26.23, 28.53, 27.58, 25.71, 18.28, 28.92, 25.96, 28.26, 30.24, 26.25, 28.53, 26.41, 28.1, 25.64, 20.02, 28.0, 18.39, 27.16, 25.5, 27.44, 25.64, 16.75, 25.2, 26.65, 28.36, 27.96, 28.99, 27.95, 16.59, 17.71, 25.47, 26.17, 25.79, 16.59, 27.13
12.51,9.66,33.79,20.25,8.05,26.81,21.15,32.51,9.3,8.71,11.9,23.12,23.24,34.12,8.81,8.29,28.63,18.97,32.56,30.67,8.32,22.87,7.82,28.14,15.81,13.67,9.57,33.05,27.46,26.08,17.63,26.55,20.97,11.5,17.77,33.11,14.65,14.65,9.81,8.95,15.76,10.18,22.78,9.97,27.68,23.74,22.55,10.85,15.54,21.57,10.23,24.19,8.47,9.84,31.1,25.59,23.44,31.31,12.65,12.97,18.66,24.61,22.92,16.24,33.84,31.59,31.47,24.78,27.86,23.83,14.72,32.3,32.89,26.98,7.99,33.4,12.32,16.03,31.92,34.09,17.87,26.17,27.66,15.45,9.01,31.02,17.04,20.27,26.26,10.52,34.45