100
0 0 0 75 30 0 0 331 445 414 352 928 0 0 730 0 0 65 0 211 319 0 585 0 0 0 0 0 0 0 0 77 631 0 0 812 856 0 418 0 0 0 344 0 907 0 0 659 567 971 0 544 0 873 0 0 0 0 0 0 0 904 0 810 0 679 759 0 0 0 0 94 0 0 0 0 0 0 0 736 119 0 0 291 441 119 922 733 462 673 289 0 376 671 0 0 282 0 0 0
166 799 0 0 0 418 0 331 445 414 0 928 930 281 0 0 940 65 0 211 0 123 0 0 996 195 817 620 0 0 724 0 0 215 919 812 856 817 0 0 0 0 344 68 907 222 298 659 0 0 106 0 0 0 0 779 0 0 119 0 0 904 427 810 0 0 0 684 848 312 184 94 16 0 0 0 103 0 0 736 119 104 553 0 441 119 0 733 0 0 289 0 376 0 0 0 282 739 0 0
0 799 143 0 0 418 854 0 0 414 352 928 0 0 730 0 0 0 989 211 319 123 0 0 0 0 817 0 986 0 0 0 631 215 919 0 0 817 418 978 0 0 0 0 907 222 0 659 567 0 106 544 0 0 905 0 0 0 119 0 778 0 427 810 0 0 0 0 848 0 184 94 16 903 796 0 103 175 529 736 0 104 553 291 0 119 0 0 462 673 289 664 376 671 413 0 282 739 575 25
0 0 0 0 30 0 854 0 0 414 352 928 930 281 730 218 940 0 989 211 319 123 585 0 0 195 0 620 986 442 0 0 0 215 0 0 856 817 418 978 500 0 344 68 907 222 0 0 567 971 106 0 915 873 905 779 168 122 119 433 778 0 427 810 469 679 0 684 0 312 0 94 0 903 0 0 103 175 0 736 0 104 553 291 441 0 922 733 462 0 0 0 0 0 413 712 0 0 0 0
0 0 143 75 30 0 854 331 0 414 0 928 0 0 730 218 940 65 989 0 0 0 0 659 996 195 0 620 0 0 724 77 631 215 919 812 0 0 418 978 0 499 344 68 0 0 0 0 567 0 106 0 915 0 905 779 0 0 0 433 778 904 0 0 469 0 0 0 0 312 0 94 0 903 0 0 0 0 0 0 119 104 0 0 441 0 0 0 0 673 0 0 0 0 413 0 282 739 0 0
166 0 0 0 30 0 854 0 0 414 0 928 0 281 0 0 0 0 0 0 0 0 0 659 996 0 817 620 0 442 724 0 0 215 0 812 856 0 418 978 0 499 344 0 0 222 298 0 0 971 106 0 915 0 0 0 168 0 119 433 0 0 427 0 0 679 0 684 848 312 184 94 16 0 796 79 103 175 0 736 0 0 553 291 0 119 0 733 0 0 289 664 0 671 413 0 0 739 575 25
166 799 143 75 30 0 0 331 445 414 352 0 0 0 0 0 0 65 0 0 319 123 0 0 996 195 0 0 0 442 724 0 0 0 0 812 856 817 0 978 500 0 0 0 907 222 298 0 0 0 0 0 0 0 905 779 168 122 119 0 0 904 427 0 469 679 759 0 0 312 0 0 0 903 0 79 103 175 529 0 119 0 553 0 0 0 0 733 0 0 0 0 376 671 0 0 0 0 575 25
166 0 0 75 30 418 0 331 0 414 0 0 930 281 730 0 940 65 989 211 0 123 585 659 0 0 817 0 0 0 724 77 631 215 0 0 856 0 0 978 500 0 344 0 907 0 0 659 0 971 0 0 915 873 905 779 0 122 119 433 778 0 0 810 0 679 759 684 848 312 0 94 0 0 796 79 103 0 0 736 119 104 0 0 441 119 0 733 462 0 289 664 376 0 413 712 282 0 575 25
166 799 0 75 0 0 854 331 445 0 0 0 0 281 0 218 0 0 989 0 319 0 0 659 0 195 817 620 0 0 0 0 631 215 0 0 856 0 418 978 0 499 0 68 907 0 298 659 0 0 106 0 0 873 0 0 0 122 119 433 0 904 427 810 0 679 759 0 848 312 184 94 16 0 796 0 103 0 0 0 119 0 553 291 0 0 922 0 0 0 289 664 0 671 0 712 0 0 575 25
0 0 0 75 30 418 854 0 0 414 0 928 930 281 730 218 940 65 0 0 319 123 0 659 0 195 0 0 0 0 0 77 0 215 0 0 0 0 0 978 500 0 344 0 907 0 0 0 0 0 106 544 915 873 0 0 0 122 0 433 778 0 0 0 0 679 0 0 848 312 184 94 0 903 0 79 103 0 0 0 119 0 553 291 441 119 922 0 0 0 0 664 376 671 0 0 0 0 575 0
0 799 0 75 30 418 854 331 445 414 352 0 0 0 730 218 0 0 0 211 0 123 585 0 0 0 0 620 986 0 0 77 631 215 0 812 0 0 418 978 500 0 344 68 907 222 0 0 567 0 106 544 915 0 0 0 0 0 0 0 0 0 427 810 0 679 759 0 0 312 0 0 0 903 0 0 103 175 529 736 0 104 553 0 441 119 0 0 0 673 289 0 0 0 0 712 0 0 0 0
0 0 0 75 0 0 854 331 0 414 0 0 930 281 0 0 0 0 989 0 319 123 585 659 0 195 0 0 986 442 724 0 631 215 919 812 856 0 418 978 500 0 0 68 0 222 0 0 567 0 0 0 0 873 905 0 168 0 0 0 0 0 427 810 0 0 759 0 848 0 184 0 16 903 796 79 103 175 0 0 119 0 553 0 441 119 922 733 462 0 289 664 376 671 0 0 282 0 575 25
0 799 0 75 30 0 854 331 445 414 352 928 930 0 0 218 940 0 989 211 0 123 585 0 0 0 817 620 986 0 0 77 631 215 919 812 0 0 418 0 500 499 344 68 907 0 298 0 0 971 106 544 0 0 905 779 168 122 119 0 0 0 427 810 0 679 0 0 0 312 0 0 16 903 796 79 0 0 529 736 0 0 0 291 441 119 0 733 462 673 289 664 376 0 0 0 0 0 0 0
0 0 143 0 30 418 0 0 0 414 0 0 930 0 0 0 940 65 0 211 319 123 0 0 996 0 817 0 0 442 0 77 0 215 919 812 0 817 0 0 500 0 344 68 907 0 0 0 567 0 106 0 915 873 0 0 168 0 119 433 778 0 427 810 469 0 0 684 848 0 0 94 16 0 796 79 103 175 529 736 0 0 0 0 0 0 0 0 462 673 0 664 376 0 413 0 282 0 575 25
166 799 143 75 30 418 0 331 0 0 0 928 930 0 0 218 940 65 989 0 0 0 585 0 0 0 0 620 0 0 724 77 631 215 0 0 856 817 418 978 0 499 344 68 907 222 298 659 0 0 106 0 915 873 0 779 0 122 119 0 0 904 427 0 0 0 0 0 0 312 0 0 16 0 0 79 0 0 0 736 119 0 0 0 441 0 922 733 0 673 0 664 376 0 0 0 0 0 575 0
0 0 143 75 30 418 0 331 0 414 352 0 930 281 730 0 940 0 989 211 319 0 0 0 0 0 817 620 0 0 0 0 0 215 919 0 856 0 418 978 0 0 0 0 0 222 298 659 567 0 0 0 0 873 905 0 0 0 119 0 0 904 427 0 0 679 759 0 0 312 184 94 0 0 0 79 103 0 529 736 119 104 553 291 441 119 0 0 462 0 289 0 376 671 0 712 282 739 575 0
0 799 143 75 30 418 0 331 445 414 352 928 930 0 0 0 940 65 989 0 0 123 0 659 0 0 817 0 0 0 0 77 631 0 0 812 856 817 0 0 500 0 344 0 907 222 298 659 0 0 0 0 0 0 0 779 0 0 0 0 778 0 0 810 0 0 759 0 848 312 184 94 16 903 796 0 0 175 529 736 0 0 553 291 0 119 922 733 462 0 289 664 0 671 0 712 282 739 575 0
0 0 0 75 30 0 0 0 0 0 352 928 0 281 0 0 940 65 0 0 0 123 585 659 996 195 0 0 0 0 724 0 0 215 0 0 0 817 0 0 500 0 0 0 907 0 298 659 567 0 106 0 915 873 905 0 168 0 119 0 0 0 427 810 0 679 759 0 848 0 184 0 0 0 0 0 103 175 0 0 0 104 553 291 441 119 922 0 0 0 0 664 376 0 413 0 0 0 0 25
166 799 0 0 30 418 0 0 0 414 352 928 930 0 0 0 940 65 989 0 319 0 585 659 0 0 817 0 0 442 724 0 0 215 919 812 856 817 0 978 500 499 344 68 0 222 0 659 0 971 106 0 915 873 905 0 0 0 119 433 0 904 427 810 0 0 759 684 0 0 0 0 16 903 0 79 0 175 529 736 119 0 0 0 0 0 922 733 462 673 0 664 0 0 413 712 0 739 0 25
166 799 143 75 0 0 854 0 0 0 352 928 930 281 0 218 940 65 989 0 0 0 585 0 996 0 817 0 986 442 0 0 0 0 0 0 856 0 418 978 500 499 0 0 0 0 0 0 0 0 106 0 0 0 905 779 168 0 0 433 0 0 0 0 469 679 759 0 0 312 0 94 0 0 796 0 103 0 529 0 0 104 0 0 441 0 0 733 462 673 289 664 376 671 413 0 282 0 575 0
166 0 143 0 0 0 854 331 0 414 352 0 0 281 730 218 0 0 0 211 0 0 585 0 996 0 817 620 0 442 724 0 0 215 0 0 0 0 418 978 0 0 0 0 0 0 298 659 0 971 106 544 0 0 0 0 168 0 119 0 0 904 0 0 469 679 759 0 848 312 184 94 16 903 796 0 103 175 529 0 0 0 0 0 0 0 922 733 462 673 289 0 0 671 0 712 282 0 575 25
166 0 0 0 0 418 854 331 445 414 352 0 0 0 0 218 940 0 989 211 319 0 0 659 996 0 817 620 0 0 0 0 631 0 919 812 856 0 0 978 500 499 0 68 0 0 0 0 567 971 0 0 0 873 905 0 0 0 119 0 0 0 0 0 0 0 759 0 0 0 184 94 0 0 796 0 103 0 0 736 119 104 553 0 441 119 922 0 462 0 0 0 376 671 413 712 0 739 0 25
0 799 0 75 30 418 0 0 0 0 0 0 0 0 0 0 0 65 989 0 0 0 0 0 996 0 817 0 0 0 724 77 0 215 919 0 856 0 0 0 0 0 344 68 907 0 298 659 0 0 0 544 0 873 0 0 0 122 0 0 778 904 427 810 469 0 0 684 0 0 0 94 16 903 0 0 103 0 529 736 119 0 553 291 0 119 0 0 0 673 289 664 0 0 413 0 282 739 0 0
166 0 143 0 0 0 0 331 445 414 0 0 930 0 730 0 0 65 0 0 319 0 585 659 996 0 0 620 986 0 0 77 0 215 919 0 856 0 418 0 0 0 0 0 0 222 0 659 0 971 106 0 915 0 905 0 168 122 119 0 778 904 0 810 0 0 0 684 848 0 184 94 16 0 0 79 103 0 0 0 119 0 553 291 0 0 922 0 0 673 0 0 376 671 413 0 0 0 575 25
0 0 143 0 30 0 854 0 445 414 0 928 930 281 730 218 0 65 989 211 319 123 0 659 0 0 0 0 986 0 724 0 0 215 919 812 0 0 418 0 500 499 344 0 0 0 298 0 0 971 106 0 915 873 0 779 0 0 119 0 0 0 427 810 469 0 0 684 0 312 0 94 0 0 796 0 0 0 0 0 119 0 553 0 0 0 0 0 0 673 289 0 0 0 413 712 282 0 0 0
0 0 143 0 0 418 0 331 0 414 0 928 930 281 0 0 0 0 0 211 0 123 0 659 996 195 817 0 986 0 0 77 0 215 919 812 856 817 418 0 0 499 344 0 907 0 298 0 567 0 106 0 0 0 0 0 0 0 0 0 778 0 0 810 469 0 759 684 848 312 184 94 0 903 0 79 0 0 0 736 0 104 0 291 0 0 922 0 0 0 289 664 0 671 0 712 0 0 575 25
0 799 143 75 0 0 0 331 0 414 0 928 0 281 0 0 0 65 989 211 319 0 0 0 0 195 0 0 0 442 724 77 0 215 0 0 0 0 418 978 500 499 0 68 0 222 0 0 567 0 0 0 915 873 905 0 168 0 0 0 0 904 0 0 0 0 759 684 848 0 184 94 16 0 796 79 0 0 0 736 119 104 0 291 441 119 0 733 462 0 0 664 0 671 413 712 282 0 575 0
0 0 143 0 30 418 854 0 445 414 0 0 0 0 730 0 0 0 989 0 0 0 0 659 0 195 0 620 0 442 724 0 631 215 919 0 0 0 0 978 0 0 344 68 907 0 298 0 0 971 0 0 0 0 0 0 0 122 0 0 0 904 427 810 469 0 0 684 0 0 184 94 0 0 0 0 103 0 0 0 119 104 0 0 0 119 922 0 462 673 289 0 0 671 0 712 282 0 575 0
166 799 0 0 30 0 854 0 445 414 352 0 930 281 0 218 0 65 989 0 319 123 0 0 996 0 0 0 986 442 724 0 631 215 0 812 0 0 0 0 0 0 0 0 907 0 298 659 0 0 106 0 915 873 0 779 168 0 119 433 778 904 427 0 0 679 759 684 848 312 0 0 16 903 0 79 103 175 529 736 0 0 553 0 441 0 0 0 0 0 0 664 376 671 413 712 0 0 575 0
166 799 0 75 30 418 854 0 445 414 352 0 930 0 730 218 0 65 989 0 319 0 585 659 0 195 817 0 986 442 0 0 631 215 919 812 856 817 418 978 500 0 344 0 907 222 298 659 567 971 0 0 915 0 0 779 168 122 119 0 778 904 0 810 0 679 0 684 848 312 0 94 16 903 0 79 0 0 529 736 0 104 0 291 0 0 922 0 462 673 0 664 0 671 0 0 282 739 575 25
166 799 0 75 0 418 0 331 0 0 352 0 0 281 0 0 0 0 0 0 319 123 0 659 0 0 0 620 0 442 724 0 631 215 0 812 0 817 418 0 0 499 344 0 907 222 298 0 0 971 0 0 0 0 905 0 0 0 119 433 778 904 0 0 0 679 759 0 848 0 184 0 16 0 796 79 103 0 529 736 0 104 0 291 0 0 0 0 0 673 289 664 376 0 0 712 0 739 0 0
0 799 0 75 0 418 854 0 0 414 352 0 0 0 0 218 940 0 989 0 319 0 585 0 996 195 0 0 986 442 724 77 631 215 919 812 0 817 418 978 500 499 344 0 0 222 298 659 0 971 106 544 915 0 0 0 0 122 0 0 778 0 0 0 469 679 759 0 848 0 0 0 16 903 796 79 0 175 529 0 0 0 553 0 441 0 0 733 462 673 289 0 376 0 413 0 0 0 0 0
166 0 143 0 30 0 0 331 0 0 0 928 0 281 730 218 0 65 989 211 319 123 585 0 996 195 817 620 0 0 0 0 0 0 0 812 0 817 418 0 500 499 0 0 0 0 298 659 567 971 0 544 0 0 905 779 168 0 0 433 0 0 0 810 0 679 759 684 0 0 0 94 0 903 0 0 0 175 529 0 0 104 553 0 0 119 922 0 462 673 289 664 0 671 0 712 282 0 0 0
0 799 143 75 30 0 0 0 0 414 0 0 930 281 730 218 0 65 0 0 0 0 585 0 996 195 817 620 0 442 0 0 631 215 0 0 0 0 418 978 500 0 0 0 0 222 298 0 0 0 106 544 0 0 0 779 168 122 0 433 778 0 0 0 0 0 759 0 848 312 0 0 16 903 0 0 103 175 529 736 119 104 0 0 441 0 0 0 0 673 0 0 376 0 413 712 0 739 0 0
166 0 143 75 0 418 0 0 445 414 0 0 0 281 730 218 940 0 989 0 0 123 585 659 0 0 0 0 986 442 724 0 0 215 919 812 856 817 418 978 0 499 344 0 0 222 0 0 567 0 0 544 0 873 0 779 168 0 0 0 778 0 0 810 469 0 759 0 848 312 184 0 0 0 796 79 0 0 0 736 119 104 553 291 0 0 0 0 0 0 289 0 376 0 413 0 282 0 0 25
166 799 143 75 30 418 854 331 0 0 0 0 0 0 730 0 0 0 989 0 319 0 0 659 996 195 817 620 986 442 0 0 0 0 919 812 0 817 418 978 500 499 0 0 907 0 298 0 567 971 106 0 0 873 0 0 168 0 0 0 0 904 0 0 469 0 0 0 0 0 0 0 0 0 796 79 103 0 0 736 0 0 553 291 441 119 922 0 0 673 0 0 0 0 413 712 0 0 575 25
0 0 143 75 30 418 0 331 0 0 0 928 930 0 0 0 0 0 989 0 0 0 0 659 0 0 0 620 0 0 0 0 0 0 919 812 0 817 418 978 500 499 344 0 0 0 298 0 0 0 0 0 0 873 0 0 0 0 119 433 778 0 427 0 0 679 0 684 848 0 184 94 0 0 796 79 103 0 0 736 119 0 0 291 441 119 0 733 462 0 0 664 0 0 0 0 282 739 575 25
0 0 0 75 0 0 854 0 0 414 0 928 930 0 0 0 940 0 0 0 0 123 585 659 996 0 0 0 0 442 724 0 0 0 919 0 0 817 418 978 0 499 344 68 0 222 298 0 567 0 0 544 0 0 905 779 0 0 0 433 0 904 427 0 469 679 0 0 848 312 0 94 16 903 796 0 103 0 529 736 119 104 0 0 0 0 0 0 462 0 289 664 0 0 413 0 0 0 575 25
0 799 143 75 0 418 0 0 0 0 352 928 0 0 0 0 0 0 989 211 319 0 585 659 0 0 817 0 0 0 0 0 0 0 919 0 0 817 418 978 500 499 344 68 0 0 0 659 567 0 0 0 915 873 0 0 168 122 119 0 778 904 0 810 0 679 0 684 848 312 184 0 0 0 796 0 103 0 0 0 119 104 553 0 441 0 0 733 0 673 0 0 0 0 0 0 282 739 575 0
166 0 143 0 30 418 0 0 445 414 0 0 0 0 0 218 0 0 989 0 319 123 585 0 0 195 0 620 0 0 724 77 0 215 0 0 856 817 0 978 500 0 0 0 907 0 0 659 567 971 106 0 0 0 905 779 168 122 0 0 0 0 427 810 0 0 0 684 0 0 0 0 0 903 796 79 103 0 0 0 119 104 553 0 441 0 922 733 462 673 0 664 376 0 0 712 0 0 575 0
0 0 0 75 30 418 854 0 445 414 352 928 930 281 0 218 0 0 0 211 0 0 0 0 0 195 0 620 0 442 724 0 0 0 919 812 856 817 418 978 0 499 344 0 0 0 298 0 567 0 0 0 915 0 0 779 168 0 0 433 778 904 0 0 0 679 759 0 848 0 0 0 0 0 796 0 0 0 0 0 0 104 553 0 441 0 922 733 462 0 0 0 376 671 413 0 0 739 575 25
0 799 0 75 30 418 854 0 445 0 352 928 930 0 0 0 940 0 0 0 0 123 585 0 996 195 817 0 0 442 0 77 631 0 0 812 0 0 0 0 0 499 344 68 907 222 298 0 567 0 106 544 915 873 905 779 168 122 0 433 778 0 427 0 0 679 0 684 0 312 0 0 16 903 796 0 103 0 529 736 0 104 553 0 0 119 922 0 0 673 289 664 0 0 0 0 0 0 575 25
0 0 143 75 0 418 854 331 0 414 0 0 930 281 730 218 940 0 0 0 319 123 0 0 0 195 0 0 986 442 724 77 0 215 0 0 0 817 418 978 500 499 0 0 907 0 298 0 567 971 106 0 0 0 905 779 168 0 119 433 778 904 427 0 0 679 0 684 848 0 0 94 16 903 796 0 0 0 529 0 0 0 0 291 0 119 922 0 462 673 289 664 376 671 0 712 282 0 0 25
166 799 143 75 0 418 0 0 0 414 352 0 930 281 730 218 940 65 0 0 0 123 585 0 0 0 0 0 0 442 724 0 631 215 0 0 856 817 418 0 0 0 344 0 907 222 0 659 567 971 106 0 915 873 0 779 168 122 0 0 778 904 427 0 0 679 0 0 0 0 184 94 16 903 796 0 103 0 529 736 0 0 0 0 0 119 922 733 462 673 289 664 0 0 413 712 282 0 575 0
166 799 143 75 0 0 854 331 0 414 352 928 930 0 0 0 0 0 989 211 319 0 0 659 0 0 817 0 0 442 724 0 631 215 919 812 856 0 418 978 0 0 0 0 907 0 0 659 0 971 106 544 915 0 0 0 0 122 119 0 0 0 0 810 469 0 759 0 848 312 184 0 0 0 796 79 0 175 529 0 0 0 0 291 441 0 0 0 462 673 289 0 0 0 413 0 0 739 575 25
166 799 143 0 0 0 0 0 0 0 352 928 0 0 730 218 940 0 989 211 319 0 0 659 0 0 0 0 0 0 0 77 0 215 919 0 0 0 418 978 500 0 0 0 907 222 298 659 567 971 106 0 915 873 905 0 168 122 0 433 0 904 0 0 0 679 759 0 0 0 0 0 0 0 796 79 0 175 0 0 119 104 553 0 441 0 0 733 462 0 289 0 376 0 413 0 0 739 0 0
0 799 0 75 0 0 854 0 0 0 0 928 0 0 730 218 0 0 0 211 0 123 585 0 996 0 817 620 0 442 724 77 631 215 919 0 856 0 418 0 0 499 0 68 907 222 298 0 567 971 106 0 0 873 905 779 168 0 0 0 0 904 427 810 469 679 0 684 0 0 0 0 16 903 796 0 0 175 529 0 119 0 0 291 441 0 922 733 462 0 0 0 376 671 0 712 282 739 0 25
0 799 143 0 30 418 854 331 0 0 0 928 930 281 0 218 940 0 989 211 319 123 0 659 996 195 817 620 0 0 724 0 0 0 0 812 0 817 0 0 500 499 344 0 0 222 0 0 567 971 106 544 0 0 905 0 0 0 0 433 0 904 427 0 0 679 759 0 848 0 0 0 0 903 0 0 103 175 0 0 0 0 553 291 0 119 0 0 0 0 0 0 0 671 0 0 0 0 575 25
166 0 0 0 0 418 854 0 445 414 0 928 930 281 0 0 940 65 989 211 0 0 0 0 996 195 0 0 986 0 0 77 631 0 0 0 856 817 0 978 0 0 344 68 0 0 298 0 567 971 0 0 915 873 0 0 0 122 0 0 0 904 0 0 469 679 0 0 0 0 184 94 16 0 796 0 103 175 529 0 119 104 0 0 0 0 922 733 462 673 289 0 0 0 413 0 282 0 575 25
166 0 143 0 0 418 854 0 0 0 0 928 930 0 0 0 940 0 989 0 0 123 585 659 0 195 817 620 0 0 0 77 631 215 0 812 856 0 418 0 0 0 344 0 907 0 298 659 567 0 0 544 0 0 0 779 168 122 119 433 778 904 427 0 469 679 0 0 0 312 0 94 16 0 796 79 0 175 0 0 119 0 0 0 441 0 0 0 0 673 289 0 376 671 413 712 0 739 0 0
166 799 0 0 30 418 0 0 445 0 0 0 930 0 730 218 940 0 989 211 319 0 0 659 996 0 817 0 0 0 724 0 0 0 919 0 856 0 0 978 0 0 344 0 0 0 298 0 0 0 106 544 0 873 0 779 168 0 119 0 0 904 427 0 469 679 0 684 848 0 0 94 0 0 796 0 103 175 529 736 119 104 0 0 0 119 0 0 0 0 289 664 376 0 413 0 282 0 575 25
166 799 0 75 30 0 854 331 0 414 0 928 0 281 0 0 940 65 0 0 0 0 585 659 0 195 817 0 0 0 724 0 631 0 919 0 856 0 0 978 0 0 0 0 907 0 298 0 567 971 106 544 0 873 0 0 168 122 119 433 778 904 0 0 0 0 759 684 0 312 184 0 0 903 0 79 0 175 529 736 0 0 0 291 0 0 0 0 462 673 289 664 0 0 0 712 282 739 575 0
0 799 143 0 30 418 854 331 0 414 0 928 0 0 0 218 940 65 989 211 319 0 585 0 0 0 817 620 986 442 0 77 631 0 0 812 0 817 0 0 500 0 344 68 907 222 0 0 567 0 0 544 915 873 905 779 168 122 0 433 0 904 427 810 0 679 759 684 0 0 0 0 0 0 796 0 103 0 529 736 119 0 0 0 441 0 0 733 0 673 0 664 376 671 0 712 0 0 0 0
166 799 143 0 30 418 854 0 0 414 0 928 0 281 0 218 0 65 0 211 0 0 0 0 0 0 817 620 986 442 0 0 0 215 0 812 0 0 0 0 0 499 344 0 907 0 298 0 0 971 0 0 915 873 905 779 168 0 119 0 778 0 0 0 469 0 0 0 848 312 0 0 16 903 0 79 0 175 0 736 0 104 553 0 441 119 922 733 462 0 289 664 0 0 413 0 282 0 0 0
166 0 0 75 30 0 854 0 0 0 0 928 0 0 730 0 0 0 989 211 319 123 585 0 996 195 0 620 0 0 0 77 631 0 0 0 0 0 0 978 0 0 0 68 0 222 0 0 0 0 106 0 0 0 0 0 0 0 119 0 778 0 427 0 0 679 759 0 848 0 0 94 0 0 0 79 103 175 0 0 0 104 553 0 441 0 922 0 462 673 289 0 0 671 0 0 282 0 575 0
0 0 0 75 0 418 854 0 445 0 0 0 0 0 0 0 0 0 0 211 0 0 0 659 0 195 0 0 986 442 724 0 0 215 919 812 0 817 0 978 500 0 344 0 0 222 298 0 567 971 106 0 0 873 905 779 0 122 119 0 0 904 427 0 469 679 0 0 0 312 0 0 0 903 796 0 0 175 0 736 119 104 553 291 441 0 0 733 0 0 0 664 376 0 413 712 0 739 575 0
166 799 0 75 0 418 854 331 0 414 0 928 0 281 730 218 940 0 0 0 319 123 585 659 0 0 0 0 0 0 724 0 631 0 0 0 0 817 418 0 0 499 0 0 907 0 0 0 0 0 0 544 915 873 0 0 0 122 119 0 778 904 427 810 469 679 0 0 848 0 0 94 0 0 796 79 103 175 529 0 119 104 553 291 0 119 0 0 0 0 289 664 0 0 0 0 0 739 0 0
166 799 143 75 30 0 854 331 0 414 352 928 930 281 0 218 0 65 0 0 0 123 0 0 0 0 817 0 986 0 724 0 631 215 0 0 0 0 418 978 0 499 344 68 907 222 298 0 0 971 0 544 0 0 905 0 0 0 119 0 0 904 427 0 0 679 0 0 0 312 0 0 0 0 796 0 103 0 529 0 0 104 553 0 0 0 0 733 0 0 289 0 376 671 413 712 282 0 575 0
0 799 143 0 0 0 0 0 445 414 352 928 0 0 730 218 940 65 989 0 0 123 585 659 996 195 817 620 0 0 0 0 0 215 0 812 856 0 418 0 0 499 0 0 0 222 298 659 567 0 0 0 0 873 905 0 168 122 0 0 778 904 427 810 0 679 759 684 0 312 184 0 0 0 796 0 103 0 0 736 0 0 0 0 0 119 0 0 0 0 289 664 0 0 413 712 282 739 0 0
166 0 0 0 0 418 854 331 0 0 0 0 0 0 0 0 0 65 989 211 319 123 0 659 0 195 817 0 0 0 724 77 0 215 919 812 856 817 418 978 500 499 0 68 0 0 298 659 567 0 0 0 0 873 0 0 0 122 119 433 778 904 427 810 469 0 759 0 848 312 184 0 0 0 796 79 103 0 529 736 0 0 0 291 0 119 0 733 0 673 0 664 0 0 413 0 282 0 0 0
166 799 0 75 30 0 854 331 0 414 0 0 930 281 730 218 0 65 989 211 319 123 585 659 996 0 817 0 0 0 0 77 0 215 0 812 856 0 418 978 0 0 0 68 0 222 298 0 567 971 0 0 0 873 905 779 168 122 0 433 0 0 427 810 469 0 0 0 0 0 0 0 0 903 0 79 0 0 0 736 119 104 553 291 441 0 922 733 462 0 0 0 0 671 0 712 0 0 575 25
166 799 143 0 30 0 0 331 0 0 0 0 930 0 0 218 0 65 0 0 0 0 0 659 996 0 0 0 986 442 0 0 631 0 0 812 856 817 0 0 500 499 344 0 0 222 0 0 567 0 0 0 0 0 905 779 168 122 119 0 778 0 0 810 469 0 759 0 0 312 184 94 16 0 0 0 0 175 529 736 0 0 0 291 441 0 0 733 462 673 0 664 0 0 0 712 0 0 0 0
0 799 143 0 0 0 854 331 0 414 352 0 0 281 0 218 940 0 989 0 319 0 585 659 0 0 0 0 986 442 0 0 631 215 919 0 0 0 0 978 0 0 0 0 0 222 298 0 0 971 0 0 915 873 0 779 0 122 0 433 0 904 0 810 469 679 0 684 848 0 0 0 16 903 0 79 103 175 0 736 119 0 0 291 441 119 0 0 462 0 289 0 0 0 413 0 0 739 575 0
0 0 0 0 0 0 854 0 445 0 0 0 0 281 0 218 940 65 989 0 0 123 0 0 0 195 0 0 0 0 0 0 631 0 919 0 0 817 418 0 0 499 0 68 0 222 0 659 0 971 0 0 0 0 905 779 168 0 119 0 0 904 427 810 469 679 0 0 0 312 0 94 16 0 796 0 103 0 529 0 0 0 553 291 0 119 0 733 0 673 0 0 376 0 0 0 282 0 575 0
0 799 143 0 30 0 0 331 0 0 0 928 930 281 730 218 0 65 0 211 0 0 0 0 996 195 817 620 0 442 0 0 631 215 919 0 0 817 418 0 0 499 344 0 907 222 0 0 567 971 106 0 915 873 905 779 0 122 119 433 778 904 427 0 469 679 759 684 848 0 0 0 16 903 0 79 103 175 529 0 0 104 553 0 0 119 922 0 0 673 289 0 376 671 0 712 282 739 0 25
166 799 0 75 30 0 0 0 445 0 352 928 930 281 730 218 0 0 0 0 0 123 0 0 0 195 817 620 0 0 0 77 0 215 0 0 856 0 418 978 0 499 0 0 907 222 0 659 567 0 106 544 915 0 905 0 168 122 119 433 0 904 427 810 469 679 0 684 0 312 0 0 16 0 0 79 0 175 529 0 119 104 0 0 441 119 922 733 0 0 289 664 376 0 413 0 282 739 575 0
166 0 143 75 30 418 854 0 445 414 0 0 0 281 730 0 0 0 989 0 319 123 585 0 0 0 817 0 986 0 724 77 0 215 919 0 856 0 418 978 500 499 0 68 907 0 298 0 0 971 0 544 915 0 905 0 0 0 119 0 778 904 427 810 0 679 759 0 848 0 0 0 16 903 796 0 0 175 0 0 119 104 0 0 0 119 0 733 0 673 0 664 0 0 413 712 0 739 0 25
166 799 143 75 0 0 0 331 445 0 352 928 0 281 730 218 940 0 0 211 0 0 0 0 0 195 817 0 986 442 0 77 631 0 0 812 0 817 0 0 0 0 0 0 0 0 298 0 0 971 106 544 0 0 0 779 168 122 119 433 0 904 0 0 469 679 759 0 848 0 0 0 0 903 796 0 0 175 0 0 0 104 0 291 441 0 0 0 0 0 0 664 376 0 413 712 282 739 575 0
166 799 143 0 30 418 854 0 445 0 0 928 0 0 730 218 940 0 0 211 319 0 0 0 996 195 817 620 0 442 0 0 0 215 919 812 856 0 0 0 500 499 344 0 0 222 0 659 567 971 0 544 915 0 905 0 168 122 119 433 0 0 0 0 469 0 0 684 848 312 0 94 0 903 0 79 103 0 0 736 119 0 0 291 441 119 0 733 462 673 289 664 376 671 413 712 0 0 0 0
0 799 143 75 30 418 854 331 445 0 0 0 930 281 730 218 0 0 989 211 319 0 0 0 0 195 0 0 986 0 724 77 0 0 919 812 856 817 418 978 0 499 344 68 0 222 0 0 0 0 0 0 915 0 0 0 0 0 119 433 0 0 0 810 0 0 759 0 848 0 0 0 0 903 0 0 103 0 0 736 0 0 553 0 441 0 0 733 0 0 0 0 376 671 0 712 282 0 575 0
0 799 0 75 0 418 854 331 0 0 352 0 0 0 0 218 0 0 0 211 319 0 585 0 996 195 0 620 0 0 0 0 0 0 919 0 0 817 0 0 0 499 344 68 0 222 0 0 0 971 106 544 915 0 0 0 0 122 0 0 0 904 0 810 469 679 0 0 0 0 184 0 16 903 796 79 0 0 0 736 0 104 0 291 0 119 0 0 462 673 0 0 0 0 413 712 282 0 575 0
0 799 143 75 0 418 854 331 445 414 0 928 0 0 0 218 940 0 0 211 0 123 0 659 996 195 0 0 0 0 724 77 631 215 919 0 856 817 418 978 0 0 0 68 907 0 298 0 567 971 0 544 0 0 905 779 0 0 0 0 778 0 0 0 0 679 0 0 0 0 0 0 0 0 0 0 0 175 0 736 119 104 553 291 0 119 922 0 462 673 0 0 376 0 0 712 0 0 0 0
166 799 143 75 30 418 854 331 0 414 352 928 0 281 0 218 0 65 0 211 0 0 585 0 0 195 817 620 986 442 724 77 0 215 0 812 0 0 418 0 500 0 0 68 0 0 0 0 567 0 106 0 915 873 0 0 168 0 119 433 0 0 0 810 469 679 0 684 0 0 184 94 0 903 0 0 0 175 529 0 0 0 553 291 0 0 0 0 462 0 0 0 376 0 413 712 282 0 0 0
0 799 0 0 0 418 0 331 0 414 352 0 0 0 0 0 940 0 989 211 319 0 0 659 996 0 0 620 0 442 0 77 631 215 0 812 856 817 0 0 500 0 344 68 0 0 0 659 567 0 0 0 915 873 905 0 168 0 0 0 778 904 427 810 0 0 0 684 848 312 0 0 0 903 796 0 103 0 529 0 119 104 553 0 441 119 922 0 0 0 0 664 376 0 413 0 282 739 575 25
0 0 143 0 0 0 854 331 445 0 352 0 0 281 730 0 0 0 0 211 319 0 0 0 0 195 0 620 0 0 724 77 0 215 919 0 856 0 418 0 500 499 0 0 907 0 298 659 0 971 106 0 0 0 0 0 0 0 0 433 778 904 0 810 469 0 759 684 0 0 0 0 0 903 0 79 103 0 529 736 0 104 553 291 0 119 922 0 462 673 0 0 376 671 413 0 282 739 575 25
166 799 0 0 30 418 0 0 445 0 0 0 0 0 0 0 940 65 0 0 0 123 0 0 996 195 817 620 986 442 0 0 0 215 919 812 856 0 418 978 500 499 344 68 907 0 0 659 567 0 0 0 915 0 905 779 168 0 0 0 778 0 427 810 0 0 0 0 0 0 184 94 0 903 796 79 103 175 0 736 119 0 0 0 0 0 0 733 0 0 0 0 0 671 413 712 0 739 575 25
166 0 0 0 30 0 0 331 0 414 352 0 0 281 730 218 0 0 0 211 319 0 0 0 996 0 0 0 0 442 0 77 0 0 919 0 856 0 418 0 500 499 344 68 0 0 298 659 0 0 0 0 915 873 905 0 0 122 119 433 0 904 427 810 0 0 0 684 848 0 0 0 16 903 796 0 0 0 529 0 119 0 0 291 441 119 0 0 0 0 0 0 0 671 413 712 0 0 575 25
0 0 143 0 30 418 0 331 445 0 0 928 930 0 0 218 0 65 0 0 319 0 0 659 996 0 0 620 0 442 724 77 631 0 0 812 856 817 418 978 0 0 344 68 0 0 0 0 0 971 106 544 915 873 0 0 0 0 0 433 778 904 427 810 469 0 759 0 0 312 0 0 0 0 0 0 103 175 529 0 119 104 553 291 441 0 0 0 0 0 0 0 376 671 413 712 282 0 0 0
166 0 143 0 30 0 854 331 0 414 0 0 0 281 0 218 940 65 989 0 0 123 585 0 996 0 817 0 986 442 724 0 0 215 0 0 856 817 0 0 500 0 344 68 0 0 298 0 567 0 0 0 0 0 0 779 168 0 119 0 0 0 0 810 469 0 759 684 0 0 184 94 0 903 796 79 0 175 529 0 119 104 553 0 441 119 0 0 0 0 289 0 376 671 0 712 0 0 575 0
0 799 143 75 0 0 854 331 445 0 0 0 0 0 730 218 940 0 0 0 319 0 585 0 0 195 0 0 986 442 0 77 0 215 0 812 856 817 418 0 500 0 344 68 0 0 298 0 567 0 106 544 0 0 905 0 168 0 0 433 778 904 0 0 0 0 0 0 0 312 0 0 0 0 796 0 103 0 529 0 119 0 553 0 441 0 922 0 462 673 289 664 376 671 413 0 0 739 0 25
166 0 143 75 30 418 0 0 0 414 352 928 930 281 0 218 940 65 989 0 319 0 0 659 0 0 0 0 986 0 0 77 0 215 919 0 0 817 0 0 500 499 0 0 907 222 298 659 567 0 106 544 0 0 0 779 168 0 0 433 778 0 427 810 0 679 759 684 0 312 0 0 0 0 0 0 0 0 0 0 0 104 0 0 0 119 0 733 462 673 289 664 376 0 413 0 0 739 575 0
166 799 143 75 30 0 0 0 0 414 0 0 0 0 0 218 0 0 989 211 0 123 0 0 0 195 0 620 986 442 0 0 631 0 0 0 856 0 418 0 500 0 0 0 907 0 298 0 0 971 0 544 915 873 905 779 0 122 119 433 0 904 427 810 469 679 759 684 0 0 0 0 16 0 796 79 103 175 0 0 119 0 553 291 441 119 922 733 462 0 289 0 0 0 413 712 282 739 0 25
0 799 143 0 30 0 854 0 445 0 0 0 0 281 0 0 0 65 0 211 0 0 0 0 0 0 817 620 0 442 0 0 631 0 0 812 0 817 0 978 0 499 0 0 907 222 0 0 0 0 0 544 915 873 905 779 168 0 0 0 0 904 0 810 0 0 0 0 0 0 184 94 16 903 796 79 103 175 0 736 119 104 553 0 441 119 922 733 462 0 0 664 376 0 0 712 282 739 575 0
0 799 0 0 0 0 0 0 0 414 0 0 0 281 730 0 940 65 0 0 0 123 585 0 996 195 817 0 0 442 0 0 0 215 0 812 856 817 418 0 0 0 344 0 0 0 0 659 567 0 106 0 915 0 0 0 0 0 119 0 778 904 427 810 0 679 0 684 848 312 184 0 16 903 0 79 0 175 529 0 119 104 0 0 441 119 0 0 462 0 289 0 376 671 0 712 282 0 0 0
0 0 0 75 0 0 854 0 445 414 0 928 0 281 0 218 0 0 989 211 0 123 585 0 0 0 0 0 0 0 724 77 631 0 919 812 856 817 418 0 0 499 0 0 0 0 0 659 567 0 106 0 0 873 0 779 0 0 0 0 778 0 0 0 0 679 0 684 848 0 184 0 16 903 796 0 103 175 529 736 119 0 0 0 0 0 922 0 0 673 289 0 0 671 0 0 282 739 575 25
0 0 0 75 0 418 0 331 445 414 0 928 930 281 730 0 940 0 989 0 319 0 0 0 0 0 817 0 0 0 724 77 631 215 0 0 0 817 0 0 0 499 344 0 907 0 0 0 0 0 106 544 915 0 0 0 168 122 0 433 0 904 427 810 469 0 759 684 0 0 0 0 16 903 0 79 0 0 529 736 0 0 0 291 0 0 922 0 0 673 289 664 0 0 413 712 0 739 0 25
166 0 143 0 0 418 0 0 0 414 0 0 0 281 730 0 0 0 989 211 0 0 0 0 996 195 817 0 0 442 0 77 0 0 919 812 0 0 0 978 0 0 344 68 0 0 0 659 567 971 106 544 0 873 0 779 0 122 0 0 0 904 427 0 469 679 759 0 0 312 0 94 0 903 796 79 0 175 0 736 0 0 553 0 441 119 922 0 0 0 0 664 0 0 413 712 282 739 0 0
166 0 0 75 0 0 0 0 0 414 352 928 930 0 0 218 940 0 989 0 319 123 0 0 0 195 817 0 986 442 724 77 631 0 919 812 0 0 418 0 500 499 344 0 0 0 0 659 567 0 106 0 0 0 905 779 0 0 0 433 778 904 0 0 0 0 0 684 848 312 184 94 16 903 796 0 0 0 529 736 119 104 0 291 441 0 0 733 462 673 0 0 376 671 413 0 282 0 0 25
166 799 0 75 30 418 0 331 0 0 0 0 0 281 0 218 0 65 989 0 0 0 585 659 996 195 817 620 986 442 724 77 0 215 0 812 0 0 418 0 500 499 344 68 0 222 298 0 567 0 106 544 915 873 0 0 168 0 119 433 0 904 0 0 0 0 759 684 848 312 184 0 16 0 796 0 103 0 529 0 119 0 0 291 441 119 922 0 462 673 0 664 376 671 413 712 0 739 0 25
166 799 143 75 0 0 0 331 0 0 0 928 930 281 730 0 0 0 989 0 0 0 585 659 996 0 817 0 986 0 0 77 0 215 919 812 0 0 0 0 500 499 344 68 0 0 298 0 0 0 106 0 0 873 905 779 0 122 0 0 778 904 427 810 0 0 0 684 0 0 184 0 16 903 0 0 103 175 529 736 119 0 0 0 441 119 922 733 0 673 289 664 0 0 0 0 282 0 0 0
166 0 0 75 30 0 854 0 445 414 0 0 930 281 730 0 0 0 0 211 0 123 585 659 996 195 0 0 0 442 724 77 631 0 0 812 856 817 0 978 0 499 0 68 0 0 298 659 567 0 106 544 915 873 0 779 168 122 119 0 0 0 427 810 0 0 0 0 0 0 0 0 16 0 796 79 103 0 529 0 0 104 0 0 0 0 0 733 462 0 0 0 376 0 413 712 0 739 575 0
166 799 143 75 0 0 854 331 0 0 0 0 0 281 730 218 0 0 0 0 0 0 585 659 996 195 0 0 0 0 724 77 0 0 0 812 0 0 0 0 0 0 0 0 907 222 0 659 567 971 106 0 915 873 0 0 0 122 119 0 778 904 427 810 0 679 0 684 0 0 184 0 0 0 0 0 0 0 529 736 0 104 553 291 441 119 922 0 462 0 289 664 376 0 0 0 282 0 575 0
0 799 0 75 30 418 0 331 445 0 0 0 0 281 0 218 940 65 0 211 319 0 0 659 0 195 0 0 0 442 0 0 631 215 0 0 0 817 0 0 0 0 0 0 0 0 0 0 0 0 106 544 915 873 0 779 168 122 0 433 778 0 427 0 469 679 0 684 848 312 184 94 0 903 796 79 0 0 0 0 119 104 0 0 0 0 922 733 0 0 289 664 376 0 0 712 282 0 0 25
166 0 143 0 30 418 0 0 445 414 352 928 930 0 0 0 940 0 989 211 0 123 585 0 996 0 817 620 986 442 724 0 0 215 919 812 0 817 418 0 500 499 344 68 0 222 0 0 567 971 106 544 915 873 905 779 168 0 0 433 778 904 427 0 469 0 759 0 848 0 0 0 16 903 796 0 0 0 0 0 0 0 0 0 0 119 0 0 0 0 289 664 376 671 0 0 0 739 575 0
166 799 0 75 0 418 854 0 445 414 0 0 0 281 0 0 940 0 0 0 319 0 585 659 0 0 817 0 986 0 724 77 0 215 919 0 856 0 0 0 0 499 344 68 0 222 298 659 567 0 106 0 0 873 0 779 0 0 0 0 0 904 0 0 469 679 759 684 0 312 184 0 0 903 796 0 103 0 529 736 119 104 0 291 0 119 922 0 462 673 0 664 0 0 413 712 0 739 0 25
166 799 143 0 0 0 854 0 0 414 0 0 930 0 0 218 940 65 989 0 0 123 0 659 0 195 817 0 986 0 0 0 631 215 0 0 856 817 0 0 500 0 344 68 907 0 0 659 567 0 0 0 915 873 905 779 168 122 119 0 0 0 427 810 0 679 759 0 0 0 184 94 0 903 796 0 0 175 0 736 0 104 0 291 441 0 0 0 0 0 289 664 0 671 413 712 282 0 0 25
0 0 143 0 0 418 854 0 0 414 0 0 0 0 730 218 940 65 0 0 319 123 0 659 0 0 0 0 986 442 724 0 0 215 919 0 856 817 418 0 0 499 344 0 0 0 298 659 0 971 0 0 0 873 0 0 0 0 0 0 0 904 0 810 469 679 0 684 0 312 184 0 0 0 796 0 0 175 0 736 0 0 0 0 441 119 0 733 462 673 289 664 376 0 413 0 0 0 0 25
166 799 143 75 30 418 854 331 445 0 0 0 930 281 0 0 940 0 0 0 319 123 0 659 996 195 817 0 986 442 724 0 0 215 0 0 0 817 418 978 500 0 344 0 907 0 298 0 0 971 0 544 915 0 0 0 168 0 0 433 778 0 427 810 469 679 0 684 0 0 184 94 0 0 0 0 103 175 0 736 0 0 553 0 441 119 922 0 462 673 289 664 376 0 0 712 0 0 0 25
0 0 0 0 30 418 0 331 0 414 352 928 930 0 730 218 940 65 0 211 0 0 0 659 0 0 817 620 986 0 0 77 0 215 919 0 856 817 418 978 0 499 0 68 0 0 0 0 567 971 106 544 915 873 905 0 0 122 0 0 778 904 0 0 0 679 759 684 0 0 0 0 0 0 796 79 103 175 529 0 119 104 0 291 441 0 0 733 462 673 0 0 0 671 0 712 0 0 0 25
0 799 143 0 0 418 854 331 0 0 0 0 0 281 730 0 0 65 989 0 319 0 585 0 0 195 817 0 986 442 724 77 631 0 919 0 0 0 418 978 500 0 344 68 907 0 0 659 567 0 106 0 0 873 905 0 0 122 0 433 778 0 0 810 469 0 759 0 0 312 184 0 0 0 796 0 103 0 0 0 119 0 0 0 0 0 0 733 462 673 0 0 0 671 413 712 0 739 0 0
8.7, 8.37, 10.65, 13.36, 7.1, 11.25, 9.28, 13.71, 9.43, 12.84, 12.98, 12.05, 13.23, 17.51, 18.44, 25.11, 20.41, 24.88, 23.02, 17.28, 17.87, 15.94, 14.24, 16.85, 15.88, 16.38, 19.68, 15.83, 18.25, 20.67, 16.8, 19.89, 14.39, 23.91, 19.11, 15.33, 21.84, 15.03, 17.11, 22.13, 17.26, 24.69, 22.54, 21.03, 17.2, 20.69, 15.3, 18.83, 22.32, 20.13, 17.32, 20.88, 21.31, 22.16, 19.72, 22.71, 18.9, 20.35, 22.17, 19.34, 19.46, 19.68, 16.54, 23.0, 21.61, 16.72, 24.7, 23.73, 16.98, 15.46, 24.32, 23.39, 24.91, 19.41, 24.69, 21.63, 14.43, 14.24, 15.06, 20.59, 14.76, 23.95, 24.15, 25.01, 23.3, 19.79, 19.08, 25.13, 18.29, 29.07, 26.36, 34.49, 27.01, 29.34, 28.17, 26.23, 27.85, 28.61, 26.79, 26.93
17.25, 18.25, 17.87, 19.88, 17.54, 19.73, 19.19, 18.64, 19.58, 20.5, 17.66, 16.9, 17.18, 28.11, 25.56, 28.09, 28.55, 27.35, 28.75, 25.48, 27.8, 25.42, 26.16, 25.14, 27.64, 27.48, 27.41, 25.79, 27.45, 25.62, 27.2, 27.2, 27.8, 28.81, 28.98, 27.24, 27.49, 27.49, 25.44, 28.63, 27.62, 27.94, 26.85, 26.24, 28.73, 27.34, 24.76, 28.18, 25.59, 26.63, 26.04, 26.89, 28.23, 26.39, 29.04, 25.79, 26.89, 25.21, 26.64, 26.89, 26.35, 28.45, 26.89, 25.76, 27.11, 24.76, 26.36, 27.05, 25.92, 28.34, 29.1, 28.63, 24.85, 25.79, 27.22, 27.31, 24.7, 25.77, 25.14, 26.8, 25.85, 25.4, 27.22, 27.48, 25.79, 27.22, 26.86, 27.69, 25.79, 27.75, 27.6, 29.19, 29.52, 28.82, 27.59, 28.45, 29.94, 26.54, 29.42, 28.97
23.18,34.16,25.15,13.98,15.94,33.3,29.74,20.91,16.42,15.3,8.97,13.12,21.37,17.41,33.88,14.52,19.65,20.58,17.36,30.71,18.68,28.54,25.64,19.28,17.3,19.71,16.54,8.92,22.32,9.67,12.38,31.98,
