100
0 0 0 75 30 0 0 331 445 414 352 928 0 0 730 0 0 65 0 211 319 0 585 0 0 0 0 0 0 0 0 77 631 0 0 812 856 0 418 0 0 0 344 0 907 0 0 659 567 971 0 544 0 873 0 0 0 0 0 0 0 904 0 810 0 679 759 0 0 0 0 94 0 0 0 0 0 0 0 736 119 0 0 291 441 119 922 733 462 673 289 0 376 671 0 0 282 0 0 0
166 799 0 0 0 418 0 331 445 414 0 928 930 281 0 0 940 65 0 211 0 123 0 0 996 195 817 620 0 0 724 0 0 215 919 812 856 817 0 0 0 0 344 68 907 222 298 659 0 0 106 0 0 0 0 779 0 0 119 0 0 904 427 810 0 0 0 684 848 312 184 94 16 0 0 0 103 0 0 736 119 104 553 0 441 119 0 733 0 0 289 0 376 0 0 0 282 739 0 0
0 799 143 0 0 418 854 0 0 414 352 928 0 0 730 0 0 0 989 211 319 123 0 0 0 0 817 0 986 0 0 0 631 215 919 0 0 817 418 978 0 0 0 0 907 222 0 659 567 0 106 544 0 0 905 0 0 0 119 0 778 0 427 810 0 0 0 0 848 0 184 94 16 903 796 0 103 175 529 736 0 104 553 291 0 119 0 0 462 673 289 664 376 671 413 0 282 739 575 25
0 0 0 0 30 0 854 0 0 414 352 928 930 281 730 218 940 0 989 211 319 123 585 0 0 195 0 620 986 442 0 0 0 215 0 0 856 817 418 978 500 0 344 68 907 222 0 0 567 971 106 0 915 873 905 779 168 122 119 433 778 0 427 810 469 679 0 684 0 312 0 94 0 903 0 0 103 175 0 736 0 104 553 291 441 0 922 733 462 0 0 0 0 0 413 712 0 0 0 0
0 0 143 75 30 0 854 331 0 414 0 928 0 0 730 218 940 65 989 0 0 0 0 659 996 195 0 620 0 0 724 77 631 215 919 812 0 0 418 978 0 499 344 68 0 0 0 0 567 0 106 0 915 0 905 779 0 0 0 433 778 904 0 0 469 0 0 0 0 312 0 94 0 903 0 0 0 0 0 0 119 104 0 0 441 0 0 0 0 673 0 0 0 0 413 0 282 739 0 0
166 0 0 0 30 0 854 0 0 414 0 928 0 281 0 0 0 0 0 0 0 0 0 659 996 0 817 620 0 442 724 0 0 215 0 812 856 0 418 978 0 499 344 0 0 222 298 0 0 971 106 0 915 0 0 0 168 0 119 433 0 0 427 0 0 679 0 684 848 312 184 94 16 0 796 79 103 175 0 736 0 0 553 291 0 119 0 733 0 0 289 664 0 671 413 0 0 739 575 25
166 799 143 75 30 0 0 331 445 414 352 0 0 0 0 0 0 65 0 0 319 123 0 0 996 195 0 0 0 442 724 0 0 0 0 812 856 817 0 978 500 0 0 0 907 222 298 0 0 0 0 0 0 0 905 779 168 122 119 0 0 904 427 0 469 679 759 0 0 312 0 0 0 903 0 79 103 175 529 0 119 0 553 0 0 0 0 733 0 0 0 0 376 671 0 0 0 0 575 25
166 0 0 75 30 418 0 331 0 414 0 0 930 281 730 0 940 65 989 211 0 123 585 659 0 0 817 0 0 0 724 77 631 215 0 0 856 0 0 978 500 0 344 0 907 0 0 659 0 971 0 0 915 873 905 779 0 122 119 433 778 0 0 810 0 679 759 684 848 312 0 94 0 0 796 79 103 0 0 736 119 104 0 0 441 119 0 733 462 0 289 664 376 0 413 712 282 0 575 25
166 799 0 75 0 0 854 331 445 0 0 0 0 281 0 218 0 0 989 0 319 0 0 659 0 195 817 620 0 0 0 0 631 215 0 0 856 0 418 978 0 499 0 68 907 0 298 659 0 0 106 0 0 873 0 0 0 122 119 433 0 904 427 810 0 679 759 0 848 312 184 94 16 0 796 0 103 0 0 0 119 0 553 291 0 0 922 0 0 0 289 664 0 671 0 712 0 0 575 25
0 0 0 75 30 418 854 0 0 414 0 928 930 281 730 218 940 65 0 0 319 123 0 659 0 195 0 0 0 0 0 77 0 215 0 0 0 0 0 978 500 0 344 0 907 0 0 0 0 0 106 544 915 873 0 0 0 122 0 433 778 0 0 0 0 679 0 0 848 312 184 94 0 903 0 79 103 0 0 0 119 0 553 291 441 119 922 0 0 0 0 664 376 671 0 0 0 0 575 0
0 799 0 75 30 418 854 331 445 414 352 0 0 0 730 218 0 0 0 211 0 123 585 0 0 0 0 620 986 0 0 77 631 215 0 812 0 0 418 978 500 0 344 68 907 222 0 0 567 0 106 544 915 0 0 0 0 0 0 0 0 0 427 810 0 679 759 0 0 312 0 0 0 903 0 0 103 175 529 736 0 104 553 0 441 119 0 0 0 673 289 0 0 0 0 712 0 0 0 0
0 0 0 75 0 0 854 331 0 414 0 0 930 281 0 0 0 0 989 0 319 123 585 659 0 195 0 0 986 442 724 0 631 215 919 812 856 0 418 978 500 0 0 68 0 222 0 0 567 0 0 0 0 873 905 0 168 0 0 0 0 0 427 810 0 0 759 0 848 0 184 0 16 903 796 79 103 175 0 0 119 0 553 0 441 119 922 733 462 0 289 664 376 671 0 0 282 0 575 25
0 799 0 75 30 0 854 331 445 414 352 928 930 0 0 218 940 0 989 211 0 123 585 0 0 0 817 620 986 0 0 77 631 215 919 812 0 0 418 0 500 499 344 68 907 0 298 0 0 971 106 544 0 0 905 779 168 122 119 0 0 0 427 810 0 679 0 0 0 312 0 0 16 903 796 79 0 0 529 736 0 0 0 291 441 119 0 733 462 673 289 664 376 0 0 0 0 0 0 0
0 0 143 0 30 418 0 0 0 414 0 0 930 0 0 0 940 65 0 211 319 123 0 0 996 0 817 0 0 442 0 77 0 215 919 812 0 817 0 0 500 0 344 68 907 0 0 0 567 0 106 0 915 873 0 0 168 0 119 433 778 0 427 810 469 0 0 684 848 0 0 94 16 0 796 79 103 175 529 736 0 0 0 0 0 0 0 0 462 673 0 664 376 0 413 0 282 0 575 25
166 799 143 75 30 418 0 331 0 0 0 928 930 0 0 218 940 65 989 0 0 0 585 0 0 0 0 620 0 0 724 77 631 215 0 0 856 817 418 978 0 499 344 68 907 222 298 659 0 0 106 0 915 873 0 779 0 122 119 0 0 904 427 0 0 0 0 0 0 312 0 0 16 0 0 79 0 0 0 736 119 0 0 0 441 0 922 733 0 673 0 664 376 0 0 0 0 0 575 0
0 0 143 75 30 418 0 331 0 414 352 0 930 281 730 0 940 0 989 211 319 0 0 0 0 0 817 620 0 0 0 0 0 215 919 0 856 0 418 978 0 0 0 0 0 222 298 659 567 0 0 0 0 873 905 0 0 0 119 0 0 904 427 0 0 679 759 0 0 312 184 94 0 0 0 79 103 0 529 736 119 104 553 291 441 119 0 0 462 0 289 0 376 671 0 712 282 739 575 0
0 799 143 75 30 418 0 331 445 414 352 928 930 0 0 0 940 65 989 0 0 123 0 659 0 0 817 0 0 0 0 77 631 0 0 812 856 817 0 0 500 0 344 0 907 222 298 659 0 0 0 0 0 0 0 779 0 0 0 0 778 0 0 810 0 0 759 0 848 312 184 94 16 903 796 0 0 175 529 736 0 0 553 291 0 119 922 733 462 0 289 664 0 671 0 712 282 739 575 0
0 0 0 75 30 0 0 0 0 0 352 928 0 281 0 0 940 65 0 0 0 123 585 659 996 195 0 0 0 0 724 0 0 215 0 0 0 817 0 0 500 0 0 0 907 0 298 659 567 0 106 0 915 873 905 0 168 0 119 0 0 0 427 810 0 679 759 0 848 0 184 0 0 0 0 0 103 175 0 0 0 104 553 291 441 119 922 0 0 0 0 664 376 0 413 0 0 0 0 25
166 799 0 0 30 418 0 0 0 414 352 928 930 0 0 0 940 65 989 0 319 0 585 659 0 0 817 0 0 442 724 0 0 215 919 812 856 817 0 978 500 499 344 68 0 222 0 659 0 971 106 0 915 873 905 0 0 0 119 433 0 904 427 810 0 0 759 684 0 0 0 0 16 903 0 79 0 175 529 736 119 0 0 0 0 0 922 733 462 673 0 664 0 0 413 712 0 739 0 25
166 799 143 75 0 0 854 0 0 0 352 928 930 281 0 218 940 65 989 0 0 0 585 0 996 0 817 0 986 442 0 0 0 0 0 0 856 0 418 978 500 499 0 0 0 0 0 0 0 0 106 0 0 0 905 779 168 0 0 433 0 0 0 0 469 679 759 0 0 312 0 94 0 0 796 0 103 0 529 0 0 104 0 0 441 0 0 733 462 673 289 664 376 671 413 0 282 0 575 0
166 0 143 0 0 0 854 331 0 414 352 0 0 281 730 218 0 0 0 211 0 0 585 0 996 0 817 620 0 442 724 0 0 215 0 0 0 0 418 978 0 0 0 0 0 0 298 659 0 971 106 544 0 0 0 0 168 0 119 0 0 904 0 0 469 679 759 0 848 312 184 94 16 903 796 0 103 175 529 0 0 0 0 0 0 0 922 733 462 673 289 0 0 671 0 712 282 0 575 25
166 0 0 0 0 418 854 331 445 414 352 0 0 0 0 218 940 0 989 211 319 0 0 659 996 0 817 620 0 0 0 0 631 0 919 812 856 0 0 978 500 499 0 68 0 0 0 0 567 971 0 0 0 873 905 0 0 0 119 0 0 0 0 0 0 0 759 0 0 0 184 94 0 0 796 0 103 0 0 736 119 104 553 0 441 119 922 0 462 0 0 0 376 671 413 712 0 739 0 25
0 799 0 75 30 418 0 0 0 0 0 0 0 0 0 0 0 65 989 0 0 0 0 0 996 0 817 0 0 0 724 77 0 215 919 0 856 0 0 0 0 0 344 68 907 0 298 659 0 0 0 544 0 873 0 0 0 122 0 0 778 904 427 810 469 0 0 684 0 0 0 94 16 903 0 0 103 0 529 736 119 0 553 291 0 119 0 0 0 673 289 664 0 0 413 0 282 739 0 0
166 0 143 0 0 0 0 331 445 414 0 0 930 0 730 0 0 65 0 0 319 0 585 659 996 0 0 620 986 0 0 77 0 215 919 0 856 0 418 0 0 0 0 0 0 222 0 659 0 971 106 0 915 0 905 0 168 122 119 0 778 904 0 810 0 0 0 684 848 0 184 94 16 0 0 79 103 0 0 0 119 0 553 291 0 0 922 0 0 673 0 0 376 671 413 0 0 0 575 25
0 0 143 0 30 0 854 0 445 414 0 928 930 281 730 218 0 65 989 211 319 123 0 659 0 0 0 0 986 0 724 0 0 215 919 812 0 0 418 0 500 499 344 0 0 0 298 0 0 971 106 0 915 873 0 779 0 0 119 0 0 0 427 810 469 0 0 684 0 312 0 94 0 0 796 0 0 0 0 0 119 0 553 0 0 0 0 0 0 673 289 0 0 0 413 712 282 0 0 0
0 0 143 0 0 418 0 331 0 414 0 928 930 281 0 0 0 0 0 211 0 123 0 659 996 195 817 0 986 0 0 77 0 215 919 812 856 817 418 0 0 499 344 0 907 0 298 0 567 0 106 0 0 0 0 0 0 0 0 0 778 0 0 810 469 0 759 684 848 312 184 94 0 903 0 79 0 0 0 736 0 104 0 291 0 0 922 0 0 0 289 664 0 671 0 712 0 0 575 25
0 799 143 75 0 0 0 331 0 414 0 928 0 281 0 0 0 65 989 211 319 0 0 0 0 195 0 0 0 442 724 77 0 215 0 0 0 0 418 978 500 499 0 68 0 222 0 0 567 0 0 0 915 873 905 0 168 0 0 0 0 904 0 0 0 0 759 684 848 0 184 94 16 0 796 79 0 0 0 736 119 104 0 291 441 119 0 733 462 0 0 664 0 671 413 712 282 0 575 0
0 0 143 0 30 418 854 0 445 414 0 0 0 0 730 0 0 0 989 0 0 0 0 659 0 195 0 620 0 442 724 0 631 215 919 0 0 0 0 978 0 0 344 68 907 0 298 0 0 971 0 0 0 0 0 0 0 122 0 0 0 904 427 810 469 0 0 684 0 0 184 94 0 0 0 0 103 0 0 0 119 104 0 0 0 119 922 0 462 673 289 0 0 671 0 712 282 0 575 0
166 799 0 0 30 0 854 0 445 414 352 0 930 281 0 218 0 65 989 0 319 123 0 0 996 0 0 0 986 442 724 0 631 215 0 812 0 0 0 0 0 0 0 0 907 0 298 659 0 0 106 0 915 873 0 779 168 0 119 433 778 904 427 0 0 679 759 684 848 312 0 0 16 903 0 79 103 175 529 736 0 0 553 0 441 0 0 0 0 0 0 664 376 671 413 712 0 0 575 0
166 799 0 75 30 418 854 0 445 414 352 0 930 0 730 218 0 65 989 0 319 0 585 659 0 195 817 0 986 442 0 0 631 215 919 812 856 817 418 978 500 0 344 0 907 222 298 659 567 971 0 0 915 0 0 779 168 122 119 0 778 904 0 810 0 679 0 684 848 312 0 94 16 903 0 79 0 0 529 736 0 104 0 291 0 0 922 0 462 673 0 664 0 671 0 0 282 739 575 25
166 799 0 75 0 418 0 331 0 0 352 0 0 281 0 0 0 0 0 0 319 123 0 659 0 0 0 620 0 442 724 0 631 215 0 812 0 817 418 0 0 499 344 0 907 222 298 0 0 971 0 0 0 0 905 0 0 0 119 433 778 904 0 0 0 679 759 0 848 0 184 0 16 0 796 79 103 0 529 736 0 104 0 291 0 0 0 0 0 673 289 664 376 0 0 712 0 739 0 0
0 799 0 75 0 418 854 0 0 414 352 0 0 0 0 218 940 0 989 0 319 0 585 0 996 195 0 0 986 442 724 77 631 215 919 812 0 817 418 978 500 499 344 0 0 222 298 659 0 971 106 544 915 0 0 0 0 122 0 0 778 0 0 0 469 679 759 0 848 0 0 0 16 903 796 79 0 175 529 0 0 0 553 0 441 0 0 733 462 673 289 0 376 0 413 0 0 0 0 0
166 0 143 0 30 0 0 331 0 0 0 928 0 281 730 218 0 65 989 211 319 123 585 0 996 195 817 620 0 0 0 0 0 0 0 812 0 817 418 0 500 499 0 0 0 0 298 659 567 971 0 544 0 0 905 779 168 0 0 433 0 0 0 810 0 679 759 684 0 0 0 94 0 903 0 0 0 175 529 0 0 104 553 0 0 119 922 0 462 673 289 664 0 671 0 712 282 0 0 0
0 799 143 75 30 0 0 0 0 414 0 0 930 281 730 218 0 65 0 0 0 0 585 0 996 195 817 620 0 442 0 0 631 215 0 0 0 0 418 978 500 0 0 0 0 222 298 0 0 0 106 544 0 0 0 779 168 122 0 433 778 0 0 0 0 0 759 0 848 312 0 0 16 903 0 0 103 175 529 736 119 104 0 0 441 0 0 0 0 673 0 0 376 0 413 712 0 739 0 0
166 0 143 75 0 418 0 0 445 414 0 0 0 281 730 218 940 0 989 0 0 123 585 659 0 0 0 0 986 442 724 0 0 215 919 812 856 817 418 978 0 499 344 0 0 222 0 0 567 0 0 544 0 873 0 779 168 0 0 0 778 0 0 810 469 0 759 0 848 312 184 0 0 0 796 79 0 0 0 736 119 104 553 291 0 0 0 0 0 0 289 0 376 0 413 0 282 0 0 25
166 799 143 75 30 418 854 331 0 0 0 0 0 0 730 0 0 0 989 0 319 0 0 659 996 195 817 620 986 442 0 0 0 0 919 812 0 817 418 978 500 499 0 0 907 0 298 0 567 971 106 0 0 873 0 0 168 0 0 0 0 904 0 0 469 0 0 0 0 0 0 0 0 0 796 79 103 0 0 736 0 0 553 291 441 119 922 0 0 673 0 0 0 0 413 712 0 0 575 25
0 0 143 75 30 418 0 331 0 0 0 928 930 0 0 0 0 0 989 0 0 0 0 659 0 0 0 620 0 0 0 0 0 0 919 812 0 817 418 978 500 499 344 0 0 0 298 0 0 0 0 0 0 873 0 0 0 0 119 433 778 0 427 0 0 679 0 684 848 0 184 94 0 0 796 79 103 0 0 736 119 0 0 291 441 119 0 733 462 0 0 664 0 0 0 0 282 739 575 25
0 0 0 75 0 0 854 0 0 414 0 928 930 0 0 0 940 0 0 0 0 123 585 659 996 0 0 0 0 442 724 0 0 0 919 0 0 817 418 978 0 499 344 68 0 222 298 0 567 0 0 544 0 0 905 779 0 0 0 433 0 904 427 0 469 679 0 0 848 312 0 94 16 903 796 0 103 0 529 736 119 104 0 0 0 0 0 0 462 0 289 664 0 0 413 0 0 0 575 25
0 799 143 75 0 418 0 0 0 0 352 928 0 0 0 0 0 0 989 211 319 0 585 659 0 0 817 0 0 0 0 0 0 0 919 0 0 817 418 978 500 499 344 68 0 0 0 659 567 0 0 0 915 873 0 0 168 122 119 0 778 904 0 810 0 679 0 684 848 312 184 0 0 0 796 0 103 0 0 0 119 104 553 0 441 0 0 733 0 673 0 0 0 0 0 0 282 739 575 0
166 0 143 0 30 418 0 0 445 414 0 0 0 0 0 218 0 0 989 0 319 123 585 0 0 195 0 620 0 0 724 77 0 215 0 0 856 817 0 978 500 0 0 0 907 0 0 659 567 971 106 0 0 0 905 779 168 122 0 0 0 0 427 810 0 0 0 684 0 0 0 0 0 903 796 79 103 0 0 0 119 104 553 0 441 0 922 733 462 673 0 664 376 0 0 712 0 0 575 0
0 0 0 75 30 418 854 0 445 414 352 928 930 281 0 218 0 0 0 211 0 0 0 0 0 195 0 620 0 442 724 0 0 0 919 812 856 817 418 978 0 499 344 0 0 0 298 0 567 0 0 0 915 0 0 779 168 0 0 433 778 904 0 0 0 679 759 0 848 0 0 0 0 0 796 0 0 0 0 0 0 104 553 0 441 0 922 733 462 0 0 0 376 671 413 0 0 739 575 25
0 799 0 75 30 418 854 0 445 0 352 928 930 0 0 0 940 0 0 0 0 123 585 0 996 195 817 0 0 442 0 77 631 0 0 812 0 0 0 0 0 499 344 68 907 222 298 0 567 0 106 544 915 873 905 779 168 122 0 433 778 0 427 0 0 679 0 684 0 312 0 0 16 903 796 0 103 0 529 736 0 104 553 0 0 119 922 0 0 673 289 664 0 0 0 0 0 0 575 25
0 0 143 75 0 418 854 331 0 414 0 0 930 281 730 218 940 0 0 0 319 123 0 0 0 195 0 0 986 442 724 77 0 215 0 0 0 817 418 978 500 499 0 0 907 0 298 0 567 971 106 0 0 0 905 779 168 0 119 433 778 904 427 0 0 679 0 684 848 0 0 94 16 903 796 0 0 0 529 0 0 0 0 291 0 119 922 0 462 673 289 664 376 671 0 712 282 0 0 25
166 799 143 75 0 418 0 0 0 414 352 0 930 281 730 218 940 65 0 0 0 123 585 0 0 0 0 0 0 442 724 0 631 215 0 0 856 817 418 0 0 0 344 0 907 222 0 659 567 971 106 0 915 873 0 779 168 122 0 0 778 904 427 0 0 679 0 0 0 0 184 94 16 903 796 0 103 0 529 736 0 0 0 0 0 119 922 733 462 673 289 664 0 0 413 712 282 0 575 0
166 799 143 75 0 0 854 331 0 414 352 928 930 0 0 0 0 0 989 211 319 0 0 659 0 0 817 0 0 442 724 0 631 215 919 812 856 0 418 978 0 0 0 0 907 0 0 659 0 971 106 544 915 0 0 0 0 122 119 0 0 0 0 810 469 0 759 0 848 312 184 0 0 0 796 79 0 175 529 0 0 0 0 291 441 0 0 0 462 673 289 0 0 0 413 0 0 739 575 25
166 799 143 0 0 0 0 0 0 0 352 928 0 0 730 218 940 0 989 211 319 0 0 659 0 0 0 0 0 0 0 77 0 215 919 0 0 0 418 978 500 0 0 0 907 222 298 659 567 971 106 0 915 873 905 0 168 122 0 433 0 904 0 0 0 679 759 0 0 0 0 0 0 0 796 79 0 175 0 0 119 104 553 0 441 0 0 733 462 0 289 0 376 0 413 0 0 739 0 0
0 799 0 75 0 0 854 0 0 0 0 928 0 0 730 218 0 0 0 211 0 123 585 0 996 0 817 620 0 442 724 77 631 215 919 0 856 0 418 0 0 499 0 68 907 222 298 0 567 971 106 0 0 873 905 779 168 0 0 0 0 904 427 810 469 679 0 684 0 0 0 0 16 903 796 0 0 175 529 0 119 0 0 291 441 0 922 733 462 0 0 0 376 671 0 712 282 739 0 25
0 799 143 0 30 418 854 331 0 0 0 928 930 281 0 218 940 0 989 211 319 123 0 659 996 195 817 620 0 0 724 0 0 0 0 812 0 817 0 0 500 499 344 0 0 222 0 0 567 971 106 544 0 0 905 0 0 0 0 433 0 904 427 0 0 679 759 0 848 0 0 0 0 903 0 0 103 175 0 0 0 0 553 291 0 119 0 0 0 0 0 0 0 671 0 0 0 0 575 25
166 0 0 0 0 418 854 0 445 414 0 928 930 281 0 0 940 65 989 211 0 0 0 0 996 195 0 0 986 0 0 77 631 0 0 0 856 817 0 978 0 0 344 68 0 0 298 0 567 971 0 0 915 873 0 0 0 122 0 0 0 904 0 0 469 679 0 0 0 0 184 94 16 0 796 0 103 175 529 0 119 104 0 0 0 0 922 733 462 673 289 0 0 0 413 0 282 0 575 25
166 0 143 0 0 418 854 0 0 0 0 928 930 0 0 0 940 0 989 0 0 123 585 659 0 195 817 620 0 0 0 77 631 215 0 812 856 0 418 0 0 0 344 0 907 0 298 659 567 0 0 544 0 0 0 779 168 122 119 433 778 904 427 0 469 679 0 0 0 312 0 94 16 0 796 79 0 175 0 0 119 0 0 0 441 0 0 0 0 673 289 0 376 671 413 712 0 739 0 0
166 799 0 0 30 418 0 0 445 0 0 0 930 0 730 218 940 0 989 211 319 0 0 659 996 0 817 0 0 0 724 0 0 0 919 0 856 0 0 978 0 0 344 0 0 0 298 0 0 0 106 544 0 873 0 779 168 0 119 0 0 904 427 0 469 679 0 684 848 0 0 94 0 0 796 0 103 175 529 736 119 104 0 0 0 119 0 0 0 0 289 664 376 0 413 0 282 0 575 25
166 799 0 75 30 0 854 331 0 414 0 928 0 281 0 0 940 65 0 0 0 0 585 659 0 195 817 0 0 0 724 0 631 0 919 0 856 0 0 978 0 0 0 0 907 0 298 0 567 971 106 544 0 873 0 0 168 122 119 433 778 904 0 0 0 0 759 684 0 312 184 0 0 903 0 79 0 175 529 736 0 0 0 291 0 0 0 0 462 673 289 664 0 0 0 712 282 739 575 0
0 799 143 0 30 418 854 331 0 414 0 928 0 0 0 218 940 65 989 211 319 0 585 0 0 0 817 620 986 442 0 77 631 0 0 812 0 817 0 0 500 0 344 68 907 222 0 0 567 0 0 544 915 873 905 779 168 122 0 433 0 904 427 810 0 679 759 684 0 0 0 0 0 0 796 0 103 0 529 736 119 0 0 0 441 0 0 733 0 673 0 664 376 671 0 712 0 0 0 0
166 799 143 0 30 418 854 0 0 414 0 928 0 281 0 218 0 65 0 211 0 0 0 0 0 0 817 620 986 442 0 0 0 215 0 812 0 0 0 0 0 499 344 0 907 0 298 0 0 971 0 0 915 873 905 779 168 0 119 0 778 0 0 0 469 0 0 0 848 312 0 0 16 903 0 79 0 175 0 736 0 104 553 0 441 119 922 733 462 0 289 664 0 0 413 0 282 0 0 0
166 0 0 75 30 0 854 0 0 0 0 928 0 0 730 0 0 0 989 211 319 123 585 0 996 195 0 620 0 0 0 77 631 0 0 0 0 0 0 978 0 0 0 68 0 222 0 0 0 0 106 0 0 0 0 0 0 0 119 0 778 0 427 0 0 679 759 0 848 0 0 94 0 0 0 79 103 175 0 0 0 104 553 0 441 0 922 0 462 673 289 0 0 671 0 0 282 0 575 0
0 0 0 75 0 418 854 0 445 0 0 0 0 0 0 0 0 0 0 211 0 0 0 659 0 195 0 0 986 442 724 0 0 215 919 812 0 817 0 978 500 0 344 0 0 222 298 0 567 971 106 0 0 873 905 779 0 122 119 0 0 904 427 0 469 679 0 0 0 312 0 0 0 903 796 0 0 175 0 736 119 104 553 291 441 0 0 733 0 0 0 664 376 0 413 712 0 739 575 0
166 799 0 75 0 418 854 331 0 414 0 928 0 281 730 218 940 0 0 0 319 123 585 659 0 0 0 0 0 0 724 0 631 0 0 0 0 817 418 0 0 499 0 0 907 0 0 0 0 0 0 544 915 873 0 0 0 122 119 0 778 904 427 810 469 679 0 0 848 0 0 94 0 0 796 79 103 175 529 0 119 104 553 291 0 119 0 0 0 0 289 664 0 0 0 0 0 739 0 0
166 799 143 75 30 0 854 331 0 414 352 928 930 281 0 218 0 65 0 0 0 123 0 0 0 0 817 0 986 0 724 0 631 215 0 0 0 0 418 978 0 499 344 68 907 222 298 0 0 971 0 544 0 0 905 0 0 0 119 0 0 904 427 0 0 679 0 0 0 312 0 0 0 0 796 0 103 0 529 0 0 104 553 0 0 0 0 733 0 0 289 0 376 671 413 712 282 0 575 0
0 799 143 0 0 0 0 0 445 414 352 928 0 0 730 218 940 65 989 0 0 123 585 659 996 195 817 620 0 0 0 0 0 215 0 812 856 0 418 0 0 499 0 0 0 222 298 659 567 0 0 0 0 873 905 0 168 122 0 0 778 904 427 810 0 679 759 684 0 312 184 0 0 0 796 0 103 0 0 736 0 0 0 0 0 119 0 0 0 0 289 664 0 0 413 712 282 739 0 0
166 0 0 0 0 418 854 331 0 0 0 0 0 0 0 0 0 65 989 211 319 123 0 659 0 195 817 0 0 0 724 77 0 215 919 812 856 817 418 978 500 499 0 68 0 0 298 659 567 0 0 0 0 873 0 0 0 122 119 433 778 904 427 810 469 0 759 0 848 312 184 0 0 0 796 79 103 0 529 736 0 0 0 291 0 119 0 733 0 673 0 664 0 0 413 0 282 0 0 0
166 799 0 75 30 0 854 331 0 414 0 0 930 281 730 218 0 65 989 211 319 123 585 659 996 0 817 0 0 0 0 77 0 215 0 812 856 0 418 978 0 0 0 68 0 222 298 0 567 971 0 0 0 873 905 779 168 122 0 433 0 0 427 810 469 0 0 0 0 0 0 0 0 903 0 79 0 0 0 736 119 104 553 291 441 0 922 733 462 0 0 0 0 671 0 712 0 0 575 25
166 799 143 0 30 0 0 331 0 0 0 0 930 0 0 218 0 65 0 0 0 0 0 659 996 0 0 0 986 442 0 0 631 0 0 812 856 817 0 0 500 499 344 0 0 222 0 0 567 0 0 0 0 0 905 779 168 122 119 0 778 0 0 810 469 0 759 0 0 312 184 94 16 0 0 0 0 175 529 736 0 0 0 291 441 0 0 733 462 673 0 664 0 0 0 712 0 0 0 0
0 799 143 0 0 0 854 331 0 414 352 0 0 281 0 218 940 0 989 0 319 0 585 659 0 0 0 0 986 442 0 0 631 215 919 0 0 0 0 978 0 0 0 0 0 222 298 0 0 971 0 0 915 873 0 779 0 122 0 433 0 904 0 810 469 679 0 684 848 0 0 0 16 903 0 79 103 175 0 736 119 0 0 291 441 119 0 0 462 0 289 0 0 0 413 0 0 739 575 0
0 0 0 0 0 0 854 0 445 0 0 0 0 281 0 218 940 65 989 0 0 123 0 0 0 195 0 0 0 0 0 0 631 0 919 0 0 817 418 0 0 499 0 68 0 222 0 659 0 971 0 0 0 0 905 779 168 0 119 0 0 904 427 810 469 679 0 0 0 312 0 94 16 0 796 0 103 0 529 0 0 0 553 291 0 119 0 733 0 673 0 0 376 0 0 0 282 0 575 0
0 799 143 0 30 0 0 331 0 0 0 928 930 281 730 218 0 65 0 211 0 0 0 0 996 195 817 620 0 442 0 0 631 215 919 0 0 817 418 0 0 499 344 0 907 222 0 0 567 971 106 0 915 873 905 779 0 122 119 433 778 904 427 0 469 679 759 684 848 0 0 0 16 903 0 79 103 175 529 0 0 104 553 0 0 119 922 0 0 673 289 0 376 671 0 712 282 739 0 25
166 799 0 75 30 0 0 0 445 0 352 928 930 281 730 218 0 0 0 0 0 123 0 0 0 195 817 620 0 0 0 77 0 215 0 0 856 0 418 978 0 499 0 0 907 222 0 659 567 0 106 544 915 0 905 0 168 122 119 433 0 904 427 810 469 679 0 684 0 312 0 0 16 0 0 79 0 175 529 0 119 104 0 0 441 119 922 733 0 0 289 664 376 0 413 0 282 739 575 0
166 0 143 75 30 418 854 0 445 414 0 0 0 281 730 0 0 0 989 0 319 123 585 0 0 0 817 0 986 0 724 77 0 215 919 0 856 0 418 978 500 499 0 68 907 0 298 0 0 971 0 544 915 0 905 0 0 0 119 0 778 904 427 810 0 679 759 0 848 0 0 0 16 903 796 0 0 175 0 0 119 104 0 0 0 119 0 733 0 673 0 664 0 0 413 712 0 739 0 25
166 799 143 75 0 0 0 331 445 0 352 928 0 281 730 218 940 0 0 211 0 0 0 0 0 195 817 0 986 442 0 77 631 0 0 812 0 817 0 0 0 0 0 0 0 0 298 0 0 971 106 544 0 0 0 779 168 122 119 433 0 904 0 0 469 679 759 0 848 0 0 0 0 903 796 0 0 175 0 0 0 104 0 291 441 0 0 0 0 0 0 664 376 0 413 712 282 739 575 0
166 799 143 0 30 418 854 0 445 0 0 928 0 0 730 218 940 0 0 211 319 0 0 0 996 195 817 620 0 442 0 0 0 215 919 812 856 0 0 0 500 499 344 0 0 222 0 659 567 971 0 544 915 0 905 0 168 122 119 433 0 0 0 0 469 0 0 684 848 312 0 94 0 903 0 79 103 0 0 736 119 0 0 291 441 119 0 733 462 673 289 664 376 671 413 712 0 0 0 0
0 799 143 75 30 418 854 331 445 0 0 0 930 281 730 218 0 0 989 211 319 0 0 0 0 195 0 0 986 0 724 77 0 0 919 812 856 817 418 978 0 499 344 68 0 222 0 0 0 0 0 0 915 0 0 0 0 0 119 433 0 0 0 810 0 0 759 0 848 0 0 0 0 903 0 0 103 0 0 736 0 0 553 0 441 0 0 733 0 0 0 0 376 671 0 712 282 0 575 0
0 799 0 75 0 418 854 331 0 0 352 0 0 0 0 218 0 0 0 211 319 0 585 0 996 195 0 620 0 0 0 0 0 0 919 0 0 817 0 0 0 499 344 68 0 222 0 0 0 971 106 544 915 0 0 0 0 122 0 0 0 904 0 810 469 679 0 0 0 0 184 0 16 903 796 79 0 0 0 736 0 104 0 291 0 119 0 0 462 673 0 0 0 0 413 712 282 0 575 0
0 799 143 75 0 418 854 331 445 414 0 928 0 0 0 218 940 0 0 211 0 123 0 659 996 195 0 0 0 0 724 77 631 215 919 0 856 817 418 978 0 0 0 68 907 0 298 0 567 971 0 544 0 0 905 779 0 0 0 0 778 0 0 0 0 679 0 0 0 0 0 0 0 0 0 0 0 175 0 736 119 104 553 291 0 119 922 0 462 673 0 0 376 0 0 712 0 0 0 0
166 799 143 75 30 418 854 331 0 414 352 928 0 281 0 218 0 65 0 211 0 0 585 0 0 195 817 620 986 442 724 77 0 215 0 812 0 0 418 0 500 0 0 68 0 0 0 0 567 0 106 0 915 873 0 0 168 0 119 433 0 0 0 810 469 679 0 684 0 0 184 94 0 903 0 0 0 175 529 0 0 0 553 291 0 0 0 0 462 0 0 0 376 0 413 712 282 0 0 0
0 799 0 0 0 418 0 331 0 414 352 0 0 0 0 0 940 0 989 211 319 0 0 659 996 0 0 620 0 442 0 77 631 215 0 812 856 817 0 0 500 0 344 68 0 0 0 659 567 0 0 0 915 873 905 0 168 0 0 0 778 904 427 810 0 0 0 684 848 312 0 0 0 903 796 0 103 0 529 0 119 104 553 0 441 119 922 0 0 0 0 664 376 0 413 0 282 739 575 25
0 0 143 0 0 0 854 331 445 0 352 0 0 281 730 0 0 0 0 211 319 0 0 0 0 195 0 620 0 0 724 77 0 215 919 0 856 0 418 0 500 499 0 0 907 0 298 659 0 971 106 0 0 0 0 0 0 0 0 433 778 904 0 810 469 0 759 684 0 0 0 0 0 903 0 79 103 0 529 736 0 104 553 291 0 119 922 0 462 673 0 0 376 671 413 0 282 739 575 25
166 799 0 0 30 418 0 0 445 0 0 0 0 0 0 0 940 65 0 0 0 123 0 0 996 195 817 620 986 442 0 0 0 215 919 812 856 0 418 978 500 499 344 68 907 0 0 659 567 0 0 0 915 0 905 779 168 0 0 0 778 0 427 810 0 0 0 0 0 0 184 94 0 903 796 79 103 175 0 736 119 0 0 0 0 0 0 733 0 0 0 0 0 671 413 712 0 739 575 25
166 0 0 0 30 0 0 331 0 414 352 0 0 281 730 218 0 0 0 211 319 0 0 0 996 0 0 0 0 442 0 77 0 0 919 0 856 0 418 0 500 499 344 68 0 0 298 659 0 0 0 0 915 873 905 0 0 122 119 433 0 904 427 810 0 0 0 684 848 0 0 0 16 903 796 0 0 0 529 0 119 0 0 291 441 119 0 0 0 0 0 0 0 671 413 712 0 0 575 25
0 0 143 0 30 418 0 331 445 0 0 928 930 0 0 218 0 65 0 0 319 0 0 659 996 0 0 620 0 442 724 77 631 0 0 812 856 817 418 978 0 0 344 68 0 0 0 0 0 971 106 544 915 873 0 0 0 0 0 433 778 904 427 810 469 0 759 0 0 312 0 0 0 0 0 0 103 175 529 0 119 104 553 291 441 0 0 0 0 0 0 0 376 671 413 712 282 0 0 0
166 0 143 0 30 0 854 331 0 414 0 0 0 281 0 218 940 65 989 0 0 123 585 0 996 0 817 0 986 442 724 0 0 215 0 0 856 817 0 0 500 0 344 68 0 0 298 0 567 0 0 0 0 0 0 779 168 0 119 0 0 0 0 810 469 0 759 684 0 0 184 94 0 903 796 79 0 175 529 0 119 104 553 0 441 119 0 0 0 0 289 0 376 671 0 712 0 0 575 0
0 799 143 75 0 0 854 331 445 0 0 0 0 0 730 218 940 0 0 0 319 0 585 0 0 195 0 0 986 442 0 77 0 215 0 812 856 817 418 0 500 0 344 68 0 0 298 0 567 0 106 544 0 0 905 0 168 0 0 433 778 904 0 0 0 0 0 0 0 312 0 0 0 0 796 0 103 0 529 0 119 0 553 0 441 0 922 0 462 673 289 664 376 671 413 0 0 739 0 25
166 0 143 75 30 418 0 0 0 414 352 928 930 281 0 218 940 65 989 0 319 0 0 659 0 0 0 0 986 0 0 77 0 215 919 0 0 817 0 0 500 499 0 0 907 222 298 659 567 0 106 544 0 0 0 779 168 0 0 433 778 0 427 810 0 679 759 684 0 312 0 0 0 0 0 0 0 0 0 0 0 104 0 0 0 119 0 733 462 673 289 664 376 0 413 0 0 739 575 0
166 799 143 75 30 0 0 0 0 414 0 0 0 0 0 218 0 0 989 211 0 123 0 0 0 195 0 620 986 442 0 0 631 0 0 0 856 0 418 0 500 0 0 0 907 0 298 0 0 971 0 544 915 873 905 779 0 122 119 433 0 904 427 810 469 679 759 684 0 0 0 0 16 0 796 79 103 175 0 0 119 0 553 291 441 119 922 733 462 0 289 0 0 0 413 712 282 739 0 25
0 799 143 0 30 0 854 0 445 0 0 0 0 281 0 0 0 65 0 211 0 0 0 0 0 0 817 620 0 442 0 0 631 0 0 812 0 817 0 978 0 499 0 0 907 222 0 0 0 0 0 544 915 873 905 779 168 0 0 0 0 904 0 810 0 0 0 0 0 0 184 94 16 903 796 79 103 175 0 736 119 104 553 0 441 119 922 733 462 0 0 664 376 0 0 712 282 739 575 0
0 799 0 0 0 0 0 0 0 414 0 0 0 281 730 0 940 65 0 0 0 123 585 0 996 195 817 0 0 442 0 0 0 215 0 812 856 817 418 0 0 0 344 0 0 0 0 659 567 0 106 0 915 0 0 0 0 0 119 0 778 904 427 810 0 679 0 684 848 312 184 0 16 903 0 79 0 175 529 0 119 104 0 0 441 119 0 0 462 0 289 0 376 671 0 712 282 0 0 0
0 0 0 75 0 0 854 0 445 414 0 928 0 281 0 218 0 0 989 211 0 123 585 0 0 0 0 0 0 0 724 77 631 0 919 812 856 817 418 0 0 499 0 0 0 0 0 659 567 0 106 0 0 873 0 779 0 0 0 0 778 0 0 0 0 679 0 684 848 0 184 0 16 903 796 0 103 175 529 736 119 0 0 0 0 0 922 0 0 673 289 0 0 671 0 0 282 739 575 25
0 0 0 75 0 418 0 331 445 414 0 928 930 281 730 0 940 0 989 0 319 0 0 0 0 0 817 0 0 0 724 77 631 215 0 0 0 817 0 0 0 499 344 0 907 0 0 0 0 0 106 544 915 0 0 0 168 122 0 433 0 904 427 810 469 0 759 684 0 0 0 0 16 903 0 79 0 0 529 736 0 0 0 291 0 0 922 0 0 673 289 664 0 0 413 712 0 739 0 25
166 0 143 0 0 418 0 0 0 414 0 0 0 281 730 0 0 0 989 211 0 0 0 0 996 195 817 0 0 442 0 77 0 0 919 812 0 0 0 978 0 0 344 68 0 0 0 659 567 971 106 544 0 873 0 779 0 122 0 0 0 904 427 0 469 679 759 0 0 312 0 94 0 903 796 79 0 175 0 736 0 0 553 0 441 119 922 0 0 0 0 664 0 0 413 712 282 739 0 0
166 0 0 75 0 0 0 0 0 414 352 928 930 0 0 218 940 0 989 0 319 123 0 0 0 195 817 0 986 442 724 77 631 0 919 812 0 0 418 0 500 499 344 0 0 0 0 659 567 0 106 0 0 0 905 779 0 0 0 433 778 904 0 0 0 0 0 684 848 312 184 94 16 903 796 0 0 0 529 736 119 104 0 291 441 0 0 733 462 673 0 0 376 671 413 0 282 0 0 25
166 799 0 75 30 418 0 331 0 0 0 0 0 281 0 218 0 65 989 0 0 0 585 659 996 195 817 620 986 442 724 77 0 215 0 812 0 0 418 0 500 499 344 68 0 222 298 0 567 0 106 544 915 873 0 0 168 0 119 433 0 904 0 0 0 0 759 684 848 312 184 0 16 0 796 0 103 0 529 0 119 0 0 291 441 119 922 0 462 673 0 664 376 671 413 712 0 739 0 25
166 799 143 75 0 0 0 331 0 0 0 928 930 281 730 0 0 0 989 0 0 0 585 659 996 0 817 0 986 0 0 77 0 215 919 812 0 0 0 0 500 499 344 68 0 0 298 0 0 0 106 0 0 873 905 779 0 122 0 0 778 904 427 810 0 0 0 684 0 0 184 0 16 903 0 0 103 175 529 736 119 0 0 0 441 119 922 733 0 673 289 664 0 0 0 0 282 0 0 0
166 0 0 75 30 0 854 0 445 414 0 0 930 281 730 0 0 0 0 211 0 123 585 659 996 195 0 0 0 442 724 77 631 0 0 812 856 817 0 978 0 499 0 68 0 0 298 659 567 0 106 544 915 873 0 779 168 122 119 0 0 0 427 810 0 0 0 0 0 0 0 0 16 0 796 79 103 0 529 0 0 104 0 0 0 0 0 733 462 0 0 0 376 0 413 712 0 739 575 0
166 799 143 75 0 0 854 331 0 0 0 0 0 281 730 218 0 0 0 0 0 0 585 659 996 195 0 0 0 0 724 77 0 0 0 812 0 0 0 0 0 0 0 0 907 222 0 659 567 971 106 0 915 873 0 0 0 122 119 0 778 904 427 810 0 679 0 684 0 0 184 0 0 0 0 0 0 0 529 736 0 104 553 291 441 119 922 0 462 0 289 664 376 0 0 0 282 0 575 0
0 799 0 75 30 418 0 331 445 0 0 0 0 281 0 218 940 65 0 211 319 0 0 659 0 195 0 0 0 442 0 0 631 215 0 0 0 817 0 0 0 0 0 0 0 0 0 0 0 0 106 544 915 873 0 779 168 122 0 433 778 0 427 0 469 679 0 684 848 312 184 94 0 903 796 79 0 0 0 0 119 104 0 0 0 0 922 733 0 0 289 664 376 0 0 712 282 0 0 25
166 0 143 0 30 418 0 0 445 414 352 928 930 0 0 0 940 0 989 211 0 123 585 0 996 0 817 620 986 442 724 0 0 215 919 812 0 817 418 0 500 499 344 68 0 222 0 0 567 971 106 544 915 873 905 779 168 0 0 433 778 904 427 0 469 0 759 0 848 0 0 0 16 903 796 0 0 0 0 0 0 0 0 0 0 119 0 0 0 0 289 664 376 671 0 0 0 739 575 0
166 799 0 75 0 418 854 0 445 414 0 0 0 281 0 0 940 0 0 0 319 0 585 659 0 0 817 0 986 0 724 77 0 215 919 0 856 0 0 0 0 499 344 68 0 222 298 659 567 0 106 0 0 873 0 779 0 0 0 0 0 904 0 0 469 679 759 684 0 312 184 0 0 903 796 0 103 0 529 736 119 104 0 291 0 119 922 0 462 673 0 664 0 0 413 712 0 739 0 25
166 799 143 0 0 0 854 0 0 414 0 0 930 0 0 218 940 65 989 0 0 123 0 659 0 195 817 0 986 0 0 0 631 215 0 0 856 817 0 0 500 0 344 68 907 0 0 659 567 0 0 0 915 873 905 779 168 122 119 0 0 0 427 810 0 679 759 0 0 0 184 94 0 903 796 0 0 175 0 736 0 104 0 291 441 0 0 0 0 0 289 664 0 671 413 712 282 0 0 25
0 0 143 0 0 418 854 0 0 414 0 0 0 0 730 218 940 65 0 0 319 123 0 659 0 0 0 0 986 442 724 0 0 215 919 0 856 817 418 0 0 499 344 0 0 0 298 659 0 971 0 0 0 873 0 0 0 0 0 0 0 904 0 810 469 679 0 684 0 312 184 0 0 0 796 0 0 175 0 736 0 0 0 0 441 119 0 733 462 673 289 664 376 0 413 0 0 0 0 25
166 799 143 75 30 418 854 331 445 0 0 0 930 281 0 0 940 0 0 0 319 123 0 659 996 195 817 0 986 442 724 0 0 215 0 0 0 817 418 978 500 0 344 0 907 0 298 0 0 971 0 544 915 0 0 0 168 0 0 433 778 0 427 810 469 679 0 684 0 0 184 94 0 0 0 0 103 175 0 736 0 0 553 0 441 119 922 0 462 673 289 664 376 0 0 712 0 0 0 25
0 0 0 0 30 418 0 331 0 414 352 928 930 0 730 218 940 65 0 211 0 0 0 659 0 0 817 620 986 0 0 77 0 215 919 0 856 817 418 978 0 499 0 68 0 0 0 0 567 971 106 544 915 873 905 0 0 122 0 0 778 904 0 0 0 679 759 684 0 0 0 0 0 0 796 79 103 175 529 0 119 104 0 291 441 0 0 733 462 673 0 0 0 671 0 712 0 0 0 25
0 799 143 0 0 418 854 331 0 0 0 0 0 281 730 0 0 65 989 0 319 0 585 0 0 195 817 0 986 442 724 77 631 0 919 0 0 0 418 978 500 0 344 68 907 0 0 659 567 0 106 0 0 873 905 0 0 122 0 433 778 0 0 810 469 0 759 0 0 312 184 0 0 0 796 0 103 0 0 0 119 0 0 0 0 0 0 733 462 673 0 0 0 671 413 712 0 739 0 0
7.9, 8.12, 13.51, 13.04, 9.74, 10.72, 11.33, 11.52, 11.59, 6.99, 10.97, 11.21, 10.07, 9.86, 9.61, 7.92, 9.52, 10.94, 10.14, 22.77, 15.44, 22.88, 22.1, 23.01, 23.23, 17.2, 17.56, 17.98, 20.33, 20.44, 22.81, 19.44, 22.01, 23.9, 14.41, 17.2, 17.47, 20.19, 15.88, 20.98, 19.41, 17.02, 24.22, 20.22, 19.06, 20.71, 20.51, 20.59, 21.68, 23.62, 20.6, 19.18, 15.56, 24.58, 16.28, 20.75, 15.57, 22.34, 14.89, 20.75, 17.57, 18.09, 25.13, 15.29, 21.67, 15.62, 15.82, 18.46, 19.19, 23.22, 21.83, 23.49, 14.51, 17.63, 21.2, 24.23, 24.59, 22.95, 25.92, 18.13, 19.73, 23.51, 14.96, 18.16, 21.74, 18.34, 14.27, 24.32, 19.97, 21.02, 18.43, 28.6, 27.39, 34.18, 30.47, 29.78, 32.09, 26.6, 29.57, 30.31
16.91, 19.03, 19.57, 18.59, 18.08, 18.18, 18.36, 17.37, 18.62, 19.25, 18.59, 18.18, 18.38, 17.96, 17.72, 20.51, 20.41, 16.82, 17.92, 28.02, 25.36, 25.36, 27.3, 24.74, 25.77, 26.12, 27.66, 25.18, 26.67, 27.61, 27.36, 25.14, 26.22, 25.18, 26.11, 27.79, 27.21, 27.97, 25.63, 25.52, 25.36, 26.77, 26.75, 26.56, 27.97, 26.33, 25.59, 22.56, 28.65, 28.35, 26.99, 25.73, 26.65, 25.26, 27.0, 25.36, 27.23, 22.56, 27.16, 26.84, 26.62, 26.12, 28.91, 25.99, 27.42, 26.5, 26.35, 26.7, 26.3, 28.02, 27.59, 28.97, 22.56, 24.92, 27.1, 26.13, 26.97, 22.56, 27.98, 27.0, 26.78, 27.29, 25.96, 27.73, 26.97, 27.53, 24.89, 26.59, 25.93, 28.62, 25.21, 28.03, 26.91, 28.58, 26.99, 28.53, 29.96, 28.85, 27.43, 26.63
30.02,27.69,16.41,24.2,13.47,27.91,7.09,10.33,9.6,34.16,26.1,14.36,19.65,19.48,7.78,22.43,20.57,15.18,12.63,23.3,20.55,8.33,26.88,9.34,19.35,18.62,21.4,25.59,17.41,13.31,13.55,20.49,20.88,19.23,29.01,25.82,21.49,32.14,25.65,7.59,23.05,16.89,15.85,16.16,17.68,20.47,18.98,32.81,
