100
0 0 0 785 648 0 0 951 189 751 460 142 0 0 139 0 0 623 0 465 166 0 157 0 0 0 0 0 0 0 0 150 515 0 0 448 57 0 223 0 0 0 609 0 192 0 0 328 5 997 0 998 0 112 0 0 0 0 0 0 0 590 0 104 0 613 951 0 0 0 0 436 0 0 0 0 0 0 0 591 98 0 0 922 129 663 784 765 673 117 851 0 837 171 0 0 270 0 0 0
878 468 0 0 0 146 0 951 189 751 0 142 206 676 0 0 452 623 0 465 0 858 0 0 894 301 752 402 0 0 145 0 0 493 617 448 57 6 0 0 0 0 609 992 192 754 243 328 0 0 439 0 0 0 0 681 0 0 729 0 0 590 224 104 0 0 0 960 745 435 176 436 763 0 0 0 201 0 0 591 98 951 164 0 129 663 0 765 0 0 851 0 837 0 0 0 270 825 0 0
0 468 543 0 0 146 322 0 0 751 460 142 0 0 139 0 0 0 252 465 166 858 0 0 0 0 752 0 449 0 0 0 515 493 617 0 0 6 223 851 0 0 0 0 192 754 0 328 5 0 439 998 0 0 251 0 0 0 729 0 578 0 224 104 0 0 0 0 745 0 176 436 763 919 907 0 201 51 479 591 0 951 164 922 0 663 0 0 673 117 851 618 837 171 11 0 270 825 934 129
0 0 0 0 648 0 322 0 0 751 460 142 206 676 139 416 452 0 252 465 166 858 157 0 0 301 0 402 449 161 0 0 0 493 0 0 57 6 223 851 268 0 609 992 192 754 0 0 5 997 439 0 198 112 251 681 578 417 729 575 578 0 224 104 737 613 0 960 0 435 0 436 0 919 0 0 201 51 0 591 0 951 164 922 129 0 784 765 673 0 0 0 0 0 11 324 0 0 0 0
0 0 543 785 648 0 322 951 0 751 0 142 0 0 139 416 452 623 252 0 0 0 0 89 894 301 0 402 0 0 145 150 515 493 617 448 0 0 223 851 0 599 609 992 0 0 0 0 5 0 439 0 198 0 251 681 0 0 0 575 578 590 0 0 737 0 0 0 0 435 0 436 0 919 0 0 0 0 0 0 98 951 0 0 129 0 0 0 0 117 0 0 0 0 11 0 270 825 0 0
878 0 0 0 648 0 322 0 0 751 0 142 0 676 0 0 0 0 0 0 0 0 0 89 894 0 752 402 0 161 145 0 0 493 0 448 57 0 223 851 0 599 609 0 0 754 243 0 0 997 439 0 198 0 0 0 578 0 729 575 0 0 224 0 0 613 0 960 745 435 176 436 763 0 907 816 201 51 0 591 0 0 164 922 0 663 0 765 0 0 851 618 0 171 11 0 0 825 934 129
878 468 543 785 648 0 0 951 189 751 460 0 0 0 0 0 0 623 0 0 166 858 0 0 894 301 0 0 0 161 145 0 0 0 0 448 57 6 0 851 268 0 0 0 192 754 243 0 0 0 0 0 0 0 251 681 578 417 729 0 0 590 224 0 737 613 951 0 0 435 0 0 0 919 0 816 201 51 479 0 98 0 164 0 0 0 0 765 0 0 0 0 837 171 0 0 0 0 934 129
878 0 0 785 648 146 0 951 0 751 0 0 206 676 139 0 452 623 252 465 0 858 157 89 0 0 752 0 0 0 145 150 515 493 0 0 57 0 0 851 268 0 609 0 192 0 0 328 0 997 0 0 198 112 251 681 0 417 729 575 578 0 0 104 0 613 951 960 745 435 0 436 0 0 907 816 201 0 0 591 98 951 0 0 129 663 0 765 673 0 851 618 837 0 11 324 270 0 934 129
878 468 0 785 0 0 322 951 189 0 0 0 0 676 0 416 0 0 252 0 166 0 0 89 0 301 752 402 0 0 0 0 515 493 0 0 57 0 223 851 0 599 0 992 192 0 243 328 0 0 439 0 0 112 0 0 0 417 729 575 0 590 224 104 0 613 951 0 745 435 176 436 763 0 907 0 201 0 0 0 98 0 164 922 0 0 784 0 0 0 851 618 0 171 0 324 0 0 934 129
0 0 0 785 648 146 322 0 0 751 0 142 206 676 139 416 452 623 0 0 166 858 0 89 0 301 0 0 0 0 0 150 0 493 0 0 0 0 0 851 268 0 609 0 192 0 0 0 0 0 439 998 198 112 0 0 0 417 0 575 578 0 0 0 0 613 0 0 745 435 176 436 0 919 0 816 201 0 0 0 98 0 164 922 129 663 784 0 0 0 0 618 837 171 0 0 0 0 934 0
0 468 0 785 648 146 322 951 189 751 460 0 0 0 139 416 0 0 0 465 0 858 157 0 0 0 0 402 449 0 0 150 515 493 0 448 0 0 223 851 268 0 609 992 192 754 0 0 5 0 439 998 198 0 0 0 0 0 0 0 0 0 224 104 0 613 951 0 0 435 0 0 0 919 0 0 201 51 479 591 0 951 164 0 129 663 0 0 0 117 851 0 0 0 0 324 0 0 0 0
0 0 0 785 0 0 322 951 0 751 0 0 206 676 0 0 0 0 252 0 166 858 157 89 0 301 0 0 449 161 145 0 515 493 617 448 57 0 223 851 268 0 0 992 0 754 0 0 5 0 0 0 0 112 251 0 578 0 0 0 0 0 224 104 0 0 951 0 745 0 176 0 763 919 907 816 201 51 0 0 98 0 164 0 129 663 784 765 673 0 851 618 837 171 0 0 270 0 934 129
0 468 0 785 648 0 322 951 189 751 460 142 206 0 0 416 452 0 252 465 0 858 157 0 0 0 752 402 449 0 0 150 515 493 617 448 0 0 223 0 268 599 609 992 192 0 243 0 0 997 439 998 0 0 251 681 578 417 729 0 0 0 224 104 0 613 0 0 0 435 0 0 763 919 907 816 0 0 479 591 0 0 0 922 129 663 0 765 673 117 851 618 837 0 0 0 0 0 0 0
0 0 543 0 648 146 0 0 0 751 0 0 206 0 0 0 452 623 0 465 166 858 0 0 894 0 752 0 0 161 0 150 0 493 617 448 0 6 0 0 268 0 609 992 192 0 0 0 5 0 439 0 198 112 0 0 578 0 729 575 578 0 224 104 737 0 0 960 745 0 0 436 763 0 907 816 201 51 479 591 0 0 0 0 0 0 0 0 673 117 0 618 837 0 11 0 270 0 934 129
878 468 543 785 648 146 0 951 0 0 0 142 206 0 0 416 452 623 252 0 0 0 157 0 0 0 0 402 0 0 145 150 515 493 0 0 57 6 223 851 0 599 609 992 192 754 243 328 0 0 439 0 198 112 0 681 0 417 729 0 0 590 224 0 0 0 0 0 0 435 0 0 763 0 0 816 0 0 0 591 98 0 0 0 129 0 784 765 0 117 0 618 837 0 0 0 0 0 934 0
0 0 543 785 648 146 0 951 0 751 460 0 206 676 139 0 452 0 252 465 166 0 0 0 0 0 752 402 0 0 0 0 0 493 617 0 57 0 223 851 0 0 0 0 0 754 243 328 5 0 0 0 0 112 251 0 0 0 729 0 0 590 224 0 0 613 951 0 0 435 176 436 0 0 0 816 201 0 479 591 98 951 164 922 129 663 0 0 673 0 851 0 837 171 0 324 270 825 934 0
0 468 543 785 648 146 0 951 189 751 460 142 206 0 0 0 452 623 252 0 0 858 0 89 0 0 752 0 0 0 0 150 515 0 0 448 57 6 0 0 268 0 609 0 192 754 243 328 0 0 0 0 0 0 0 681 0 0 0 0 578 0 0 104 0 0 951 0 745 435 176 436 763 919 907 0 0 51 479 591 0 0 164 922 0 663 784 765 673 0 851 618 0 171 0 324 270 825 934 0
0 0 0 785 648 0 0 0 0 0 460 142 0 676 0 0 452 623 0 0 0 858 157 89 894 301 0 0 0 0 145 0 0 493 0 0 0 6 0 0 268 0 0 0 192 0 243 328 5 0 439 0 198 112 251 0 578 0 729 0 0 0 224 104 0 613 951 0 745 0 176 0 0 0 0 0 201 51 0 0 0 951 164 922 129 663 784 0 0 0 0 618 837 0 11 0 0 0 0 129
878 468 0 0 648 146 0 0 0 751 460 142 206 0 0 0 452 623 252 0 166 0 157 89 0 0 752 0 0 161 145 0 0 493 617 448 57 6 0 851 268 599 609 992 0 754 0 328 0 997 439 0 198 112 251 0 0 0 729 575 0 590 224 104 0 0 951 960 0 0 0 0 763 919 0 816 0 51 479 591 98 0 0 0 0 0 784 765 673 117 0 618 0 0 11 324 0 825 0 129
878 468 543 785 0 0 322 0 0 0 460 142 206 676 0 416 452 623 252 0 0 0 157 0 894 0 752 0 449 161 0 0 0 0 0 0 57 0 223 851 268 599 0 0 0 0 0 0 0 0 439 0 0 0 251 681 578 0 0 575 0 0 0 0 737 613 951 0 0 435 0 436 0 0 907 0 201 0 479 0 0 951 0 0 129 0 0 765 673 117 851 618 837 171 11 0 270 0 934 0
878 0 543 0 0 0 322 951 0 751 460 0 0 676 139 416 0 0 0 465 0 0 157 0 894 0 752 402 0 161 145 0 0 493 0 0 0 0 223 851 0 0 0 0 0 0 243 328 0 997 439 998 0 0 0 0 578 0 729 0 0 590 0 0 737 613 951 0 745 435 176 436 763 919 907 0 201 51 479 0 0 0 0 0 0 0 784 765 673 117 851 0 0 171 0 324 270 0 934 129
878 0 0 0 0 146 322 951 189 751 460 0 0 0 0 416 452 0 252 465 166 0 0 89 894 0 752 402 0 0 0 0 515 0 617 448 57 0 0 851 268 599 0 992 0 0 0 0 5 997 0 0 0 112 251 0 0 0 729 0 0 0 0 0 0 0 951 0 0 0 176 436 0 0 907 0 201 0 0 591 98 951 164 0 129 663 784 0 673 0 0 0 837 171 11 324 0 825 0 129
0 468 0 785 648 146 0 0 0 0 0 0 0 0 0 0 0 623 252 0 0 0 0 0 894 0 752 0 0 0 145 150 0 493 617 0 57 0 0 0 0 0 609 992 192 0 243 328 0 0 0 998 0 112 0 0 0 417 0 0 578 590 224 104 737 0 0 960 0 0 0 436 763 919 0 0 201 0 479 591 98 0 164 922 0 663 0 0 0 117 851 618 0 0 11 0 270 825 0 0
878 0 543 0 0 0 0 951 189 751 0 0 206 0 139 0 0 623 0 0 166 0 157 89 894 0 0 402 449 0 0 150 0 493 617 0 57 0 223 0 0 0 0 0 0 754 0 328 0 997 439 0 198 0 251 0 578 417 729 0 578 590 0 104 0 0 0 960 745 0 176 436 763 0 0 816 201 0 0 0 98 0 164 922 0 0 784 0 0 117 0 0 837 171 11 0 0 0 934 129
0 0 543 0 648 0 322 0 189 751 0 142 206 676 139 416 0 623 252 465 166 858 0 89 0 0 0 0 449 0 145 0 0 493 617 448 0 0 223 0 268 599 609 0 0 0 243 0 0 997 439 0 198 112 0 681 0 0 729 0 0 0 224 104 737 0 0 960 0 435 0 436 0 0 907 0 0 0 0 0 98 0 164 0 0 0 0 0 0 117 851 0 0 0 11 324 270 0 0 0
0 0 543 0 0 146 0 951 0 751 0 142 206 676 0 0 0 0 0 465 0 858 0 89 894 301 752 0 449 0 0 150 0 493 617 448 57 6 223 0 0 599 609 0 192 0 243 0 5 0 439 0 0 0 0 0 0 0 0 0 578 0 0 104 737 0 951 960 745 435 176 436 0 919 0 816 0 0 0 591 0 951 0 922 0 0 784 0 0 0 851 618 0 171 0 324 0 0 934 129
0 468 543 785 0 0 0 951 0 751 0 142 0 676 0 0 0 623 252 465 166 0 0 0 0 301 0 0 0 161 145 150 0 493 0 0 0 0 223 851 268 599 0 992 0 754 0 0 5 0 0 0 198 112 251 0 578 0 0 0 0 590 0 0 0 0 951 960 745 0 176 436 763 0 907 816 0 0 0 591 98 951 0 922 129 663 0 765 673 0 0 618 0 171 11 324 270 0 934 0
0 0 543 0 648 146 322 0 189 751 0 0 0 0 139 0 0 0 252 0 0 0 0 89 0 301 0 402 0 161 145 0 515 493 617 0 0 0 0 851 0 0 609 992 192 0 243 0 0 997 0 0 0 0 0 0 0 417 0 0 0 590 224 104 737 0 0 960 0 0 176 436 0 0 0 0 201 0 0 0 98 951 0 0 0 663 784 0 673 117 851 0 0 171 0 324 270 0 934 0
878 468 0 0 648 0 322 0 189 751 460 0 206 676 0 416 0 623 252 0 166 858 0 0 894 0 0 0 449 161 145 0 515 493 0 448 0 0 0 0 0 0 0 0 192 0 243 328 0 0 439 0 198 112 0 681 578 0 729 575 578 590 224 0 0 613 951 960 745 435 0 0 763 919 0 816 201 51 479 591 0 0 164 0 129 0 0 0 0 0 0 618 837 171 11 324 0 0 934 0
878 468 0 785 648 146 322 0 189 751 460 0 206 0 139 416 0 623 252 0 166 0 157 89 0 301 752 0 449 161 0 0 515 493 617 448 57 6 223 851 268 0 609 0 192 754 243 328 5 997 0 0 198 0 0 681 578 417 729 0 578 590 0 104 0 613 0 960 745 435 0 436 763 919 0 816 0 0 479 591 0 951 0 922 0 0 784 0 673 117 0 618 0 171 0 0 270 825 934 129
878 468 0 785 0 146 0 951 0 0 460 0 0 676 0 0 0 0 0 0 166 858 0 89 0 0 0 402 0 161 145 0 515 493 0 448 0 6 223 0 0 599 609 0 192 754 243 0 0 997 0 0 0 0 251 0 0 0 729 575 578 590 0 0 0 613 951 0 745 0 176 0 763 0 907 816 201 0 479 591 0 951 0 922 0 0 0 0 0 117 851 618 837 0 0 324 0 825 0 0
0 468 0 785 0 146 322 0 0 751 460 0 0 0 0 416 452 0 252 0 166 0 157 0 894 301 0 0 449 161 145 150 515 493 617 448 0 6 223 851 268 599 609 0 0 754 243 328 0 997 439 998 198 0 0 0 0 417 0 0 578 0 0 0 737 613 951 0 745 0 0 0 763 919 907 816 0 51 479 0 0 0 164 0 129 0 0 765 673 117 851 0 837 0 11 0 0 0 0 0
878 0 543 0 648 0 0 951 0 0 0 142 0 676 139 416 0 623 252 465 166 858 157 0 894 301 752 402 0 0 0 0 0 0 0 448 0 6 223 0 268 599 0 0 0 0 243 328 5 997 0 998 0 0 251 681 578 0 0 575 0 0 0 104 0 613 951 960 0 0 0 436 0 919 0 0 0 51 479 0 0 951 164 0 0 663 784 0 673 117 851 618 0 171 0 324 270 0 0 0
0 468 543 785 648 0 0 0 0 751 0 0 206 676 139 416 0 623 0 0 0 0 157 0 894 301 752 402 0 161 0 0 515 493 0 0 0 0 223 851 268 0 0 0 0 754 243 0 0 0 439 998 0 0 0 681 578 417 0 575 578 0 0 0 0 0 951 0 745 435 0 0 763 919 0 0 201 51 479 591 98 951 0 0 129 0 0 0 0 117 0 0 837 0 11 324 0 825 0 0
878 0 543 785 0 146 0 0 189 751 0 0 0 676 139 416 452 0 252 0 0 858 157 89 0 0 0 0 449 161 145 0 0 493 617 448 57 6 223 851 0 599 609 0 0 754 0 0 5 0 0 998 0 112 0 681 578 0 0 0 578 0 0 104 737 0 951 0 745 435 176 0 0 0 907 816 0 0 0 591 98 951 164 922 0 0 0 0 0 0 851 0 837 0 11 0 270 0 0 129
878 468 543 785 648 146 322 951 0 0 0 0 0 0 139 0 0 0 252 0 166 0 0 89 894 301 752 402 449 161 0 0 0 0 617 448 0 6 223 851 268 599 0 0 192 0 243 0 5 997 439 0 0 112 0 0 578 0 0 0 0 590 0 0 737 0 0 0 0 0 0 0 0 0 907 816 201 0 0 591 0 0 164 922 129 663 784 0 0 117 0 0 0 0 11 324 0 0 934 129
0 0 543 785 648 146 0 951 0 0 0 142 206 0 0 0 0 0 252 0 0 0 0 89 0 0 0 402 0 0 0 0 0 0 617 448 0 6 223 851 268 599 609 0 0 0 243 0 0 0 0 0 0 112 0 0 0 0 729 575 578 0 224 0 0 613 0 960 745 0 176 436 0 0 907 816 201 0 0 591 98 0 0 922 129 663 0 765 673 0 0 618 0 0 0 0 270 825 934 129
0 0 0 785 0 0 322 0 0 751 0 142 206 0 0 0 452 0 0 0 0 858 157 89 894 0 0 0 0 161 145 0 0 0 617 0 0 6 223 851 0 599 609 992 0 754 243 0 5 0 0 998 0 0 251 681 0 0 0 575 0 590 224 0 737 613 0 0 745 435 0 436 763 919 907 0 201 0 479 591 98 951 0 0 0 0 0 0 673 0 851 618 0 0 11 0 0 0 934 129
0 468 543 785 0 146 0 0 0 0 460 142 0 0 0 0 0 0 252 465 166 0 157 89 0 0 752 0 0 0 0 0 0 0 617 0 0 6 223 851 268 599 609 992 0 0 0 328 5 0 0 0 198 112 0 0 578 417 729 0 578 590 0 104 0 613 0 960 745 435 176 0 0 0 907 0 201 0 0 0 98 951 164 0 129 0 0 765 0 117 0 0 0 0 0 0 270 825 934 0
878 0 543 0 648 146 0 0 189 751 0 0 0 0 0 416 0 0 252 0 166 858 157 0 0 301 0 402 0 0 145 150 0 493 0 0 57 6 0 851 268 0 0 0 192 0 0 328 5 997 439 0 0 0 251 681 578 417 0 0 0 0 224 104 0 0 0 960 0 0 0 0 0 919 907 816 201 0 0 0 98 951 164 0 129 0 784 765 673 117 0 618 837 0 0 324 0 0 934 0
0 0 0 785 648 146 322 0 189 751 460 142 206 676 0 416 0 0 0 465 0 0 0 0 0 301 0 402 0 161 145 0 0 0 617 448 57 6 223 851 0 599 609 0 0 0 243 0 5 0 0 0 198 0 0 681 578 0 0 575 578 590 0 0 0 613 951 0 745 0 0 0 0 0 907 0 0 0 0 0 0 951 164 0 129 0 784 765 673 0 0 0 837 171 11 0 0 825 934 129
0 468 0 785 648 146 322 0 189 0 460 142 206 0 0 0 452 0 0 0 0 858 157 0 894 301 752 0 0 161 0 150 515 0 0 448 0 0 0 0 0 599 609 992 192 754 243 0 5 0 439 998 198 112 251 681 578 417 0 575 578 0 224 0 0 613 0 960 0 435 0 0 763 919 907 0 201 0 479 591 0 951 164 0 0 663 784 0 0 117 851 618 0 0 0 0 0 0 934 129
0 0 543 785 0 146 322 951 0 751 0 0 206 676 139 416 452 0 0 0 166 858 0 0 0 301 0 0 449 161 145 150 0 493 0 0 0 6 223 851 268 599 0 0 192 0 243 0 5 997 439 0 0 0 251 681 578 0 729 575 578 590 224 0 0 613 0 960 745 0 0 436 763 919 907 0 0 0 479 0 0 0 0 922 0 663 784 0 673 117 851 618 837 171 0 324 270 0 0 129
878 468 543 785 0 146 0 0 0 751 460 0 206 676 139 416 452 623 0 0 0 858 157 0 0 0 0 0 0 161 145 0 515 493 0 0 57 6 223 0 0 0 609 0 192 754 0 328 5 997 439 0 198 112 0 681 578 417 0 0 578 590 224 0 0 613 0 0 0 0 176 436 763 919 907 0 201 0 479 591 0 0 0 0 0 663 784 765 673 117 851 618 0 0 11 324 270 0 934 0
878 468 543 785 0 0 322 951 0 751 460 142 206 0 0 0 0 0 252 465 166 0 0 89 0 0 752 0 0 161 145 0 515 493 617 448 57 0 223 851 0 0 0 0 192 0 0 328 0 997 439 998 198 0 0 0 0 417 729 0 0 0 0 104 737 0 951 0 745 435 176 0 0 0 907 816 0 51 479 0 0 0 0 922 129 0 0 0 673 117 851 0 0 0 11 0 0 825 934 129
878 468 543 0 0 0 0 0 0 0 460 142 0 0 139 416 452 0 252 465 166 0 0 89 0 0 0 0 0 0 0 150 0 493 617 0 0 0 223 851 268 0 0 0 192 754 243 328 5 997 439 0 198 112 251 0 578 417 0 575 0 590 0 0 0 613 951 0 0 0 0 0 0 0 907 816 0 51 0 0 98 951 164 0 129 0 0 765 673 0 851 0 837 0 11 0 0 825 0 0
0 468 0 785 0 0 322 0 0 0 0 142 0 0 139 416 0 0 0 465 0 858 157 0 894 0 752 402 0 161 145 150 515 493 617 0 57 0 223 0 0 599 0 992 192 754 243 0 5 997 439 0 0 112 251 681 578 0 0 0 0 590 224 104 737 613 0 960 0 0 0 0 763 919 907 0 0 51 479 0 98 0 0 922 129 0 784 765 673 0 0 0 837 171 0 324 270 825 0 129
0 468 543 0 648 146 322 951 0 0 0 142 206 676 0 416 452 0 252 465 166 858 0 89 894 301 752 402 0 0 145 0 0 0 0 448 0 6 0 0 268 599 609 0 0 754 0 0 5 997 439 998 0 0 251 0 0 0 0 575 0 590 224 0 0 613 951 0 745 0 0 0 0 919 0 0 201 51 0 0 0 0 164 922 0 663 0 0 0 0 0 0 0 171 0 0 0 0 934 129
878 0 0 0 0 146 322 0 189 751 0 142 206 676 0 0 452 623 252 465 0 0 0 0 894 301 0 0 449 0 0 150 515 0 0 0 57 6 0 851 0 0 609 992 0 0 243 0 5 997 0 0 198 112 0 0 0 417 0 0 0 590 0 0 737 613 0 0 0 0 176 436 763 0 907 0 201 51 479 0 98 951 0 0 0 0 784 765 673 117 851 0 0 0 11 0 270 0 934 129
878 0 543 0 0 146 322 0 0 0 0 142 206 0 0 0 452 0 252 0 0 858 157 89 0 301 752 402 0 0 0 150 515 493 0 448 57 0 223 0 0 0 609 0 192 0 243 328 5 0 0 998 0 0 0 681 578 417 729 575 578 590 224 0 737 613 0 0 0 435 0 436 763 0 907 816 0 51 0 0 98 0 0 0 129 0 0 0 0 117 851 0 837 171 11 324 0 825 0 0
878 468 0 0 648 146 0 0 189 0 0 0 206 0 139 416 452 0 252 465 166 0 0 89 894 0 752 0 0 0 145 0 0 0 617 0 57 0 0 851 0 0 609 0 0 0 243 0 0 0 439 998 0 112 0 681 578 0 729 0 0 590 224 0 737 613 0 960 745 0 0 436 0 0 907 0 201 51 479 591 98 951 0 0 0 663 0 0 0 0 851 618 837 0 11 0 270 0 934 129
878 468 0 785 648 0 322 951 0 751 0 142 0 676 0 0 452 623 0 0 0 0 157 89 0 301 752 0 0 0 145 0 515 0 617 0 57 0 0 851 0 0 0 0 192 0 243 0 5 997 439 998 0 112 0 0 578 417 729 575 578 590 0 0 0 0 951 960 0 435 176 0 0 919 0 816 0 51 479 591 0 0 0 922 0 0 0 0 673 117 851 618 0 0 0 324 270 825 934 0
0 468 543 0 648 146 322 951 0 751 0 142 0 0 0 416 452 623 252 465 166 0 157 0 0 0 752 402 449 161 0 150 515 0 0 448 0 6 0 0 268 0 609 992 192 754 0 0 5 0 0 998 198 112 251 681 578 417 0 575 0 590 224 104 0 613 951 960 0 0 0 0 0 0 907 0 201 0 479 591 98 0 0 0 129 0 0 765 0 117 0 618 837 171 0 324 0 0 0 0
878 468 543 0 648 146 322 0 0 751 0 142 0 676 0 416 0 623 0 465 0 0 0 0 0 0 752 402 449 161 0 0 0 493 0 448 0 0 0 0 0 599 609 0 192 0 243 0 0 997 0 0 198 112 251 681 578 0 729 0 578 0 0 0 737 0 0 0 745 435 0 0 763 919 0 816 0 51 0 591 0 951 164 0 129 663 784 765 673 0 851 618 0 0 11 0 270 0 0 0
878 0 0 785 648 0 322 0 0 0 0 142 0 0 139 0 0 0 252 465 166 858 157 0 894 301 0 402 0 0 0 150 515 0 0 0 0 0 0 851 0 0 0 992 0 754 0 0 0 0 439 0 0 0 0 0 0 0 729 0 578 0 224 0 0 613 951 0 745 0 0 436 0 0 0 816 201 51 0 0 0 951 164 0 129 0 784 0 673 117 851 0 0 171 0 0 270 0 934 0
0 0 0 785 0 146 322 0 189 0 0 0 0 0 0 0 0 0 0 465 0 0 0 89 0 301 0 0 449 161 145 0 0 493 617 448 0 6 0 851 268 0 609 0 0 754 243 0 5 997 439 0 0 112 251 681 0 417 729 0 0 590 224 0 737 613 0 0 0 435 0 0 0 919 907 0 0 51 0 591 98 951 164 922 129 0 0 765 0 0 0 618 837 0 11 324 0 825 934 0
878 468 0 785 0 146 322 951 0 751 0 142 0 676 139 416 452 0 0 0 166 858 157 89 0 0 0 0 0 0 145 0 515 0 0 0 0 6 223 0 0 599 0 0 192 0 0 0 0 0 0 998 198 112 0 0 0 417 729 0 578 590 224 104 737 613 0 0 745 0 0 436 0 0 907 816 201 51 479 0 98 951 164 922 0 663 0 0 0 0 851 618 0 0 0 0 0 825 0 0
878 468 543 785 648 0 322 951 0 751 460 142 206 676 0 416 0 623 0 0 0 858 0 0 0 0 752 0 449 0 145 0 515 493 0 0 0 0 223 851 0 599 609 992 192 754 243 0 0 997 0 998 0 0 251 0 0 0 729 0 0 590 224 0 0 613 0 0 0 435 0 0 0 0 907 0 201 0 479 0 0 951 164 0 0 0 0 765 0 0 851 0 837 171 11 324 270 0 934 0
0 468 543 0 0 0 0 0 189 751 460 142 0 0 139 416 452 623 252 0 0 858 157 89 894 301 752 402 0 0 0 0 0 493 0 448 57 0 223 0 0 599 0 0 0 754 243 328 5 0 0 0 0 112 251 0 578 417 0 0 578 590 224 104 0 613 951 960 0 435 176 0 0 0 907 0 201 0 0 591 0 0 0 0 0 663 0 0 0 0 851 618 0 0 11 324 270 825 0 0
878 0 0 0 0 146 322 951 0 0 0 0 0 0 0 0 0 623 252 465 166 858 0 89 0 301 752 0 0 0 145 150 0 493 617 448 57 6 223 851 268 599 0 992 0 0 243 328 5 0 0 0 0 112 0 0 0 417 729 575 578 590 224 104 737 0 951 0 745 435 176 0 0 0 907 816 201 0 479 591 0 0 0 922 0 663 0 765 0 117 0 618 0 0 11 0 270 0 0 0
878 468 0 785 648 0 322 951 0 751 0 0 206 676 139 416 0 623 252 465 166 858 157 89 894 0 752 0 0 0 0 150 0 493 0 448 57 0 223 851 0 0 0 992 0 754 243 0 5 997 0 0 0 112 251 681 578 417 0 575 0 0 224 104 737 0 0 0 0 0 0 0 0 919 0 816 0 0 0 591 98 951 164 922 129 0 784 765 673 0 0 0 0 171 0 324 0 0 934 129
878 468 543 0 648 0 0 951 0 0 0 0 206 0 0 416 0 623 0 0 0 0 0 89 894 0 0 0 449 161 0 0 515 0 0 448 57 6 0 0 268 599 609 0 0 754 0 0 5 0 0 0 0 0 251 681 578 417 729 0 578 0 0 104 737 0 951 0 0 435 176 436 763 0 0 0 0 51 479 591 0 0 0 922 129 0 0 765 673 117 0 618 0 0 0 324 0 0 0 0
0 468 543 0 0 0 322 951 0 751 460 0 0 676 0 416 452 0 252 0 166 0 157 89 0 0 0 0 449 161 0 0 515 493 617 0 0 0 0 851 0 0 0 0 0 754 243 0 0 997 0 0 198 112 0 681 0 417 0 575 0 590 0 104 737 613 0 960 745 0 0 0 763 919 0 816 201 51 0 591 98 0 0 922 129 663 0 0 673 0 851 0 0 0 11 0 0 825 934 0
0 0 0 0 0 0 322 0 189 0 0 0 0 676 0 416 452 623 252 0 0 858 0 0 0 301 0 0 0 0 0 0 515 0 617 0 0 6 223 0 0 599 0 992 0 754 0 328 0 997 0 0 0 0 251 681 578 0 729 0 0 590 224 104 737 613 0 0 0 435 0 436 763 0 907 0 201 0 479 0 0 0 164 922 0 663 0 765 0 117 0 0 837 0 0 0 270 0 934 0
0 468 543 0 648 0 0 951 0 0 0 142 206 676 139 416 0 623 0 465 0 0 0 0 894 301 752 402 0 161 0 0 515 493 617 0 0 6 223 0 0 599 609 0 192 754 0 0 5 997 439 0 198 112 251 681 0 417 729 575 578 590 224 0 737 613 951 960 745 0 0 0 763 919 0 816 201 51 479 0 0 951 164 0 0 663 784 0 0 117 851 0 837 171 0 324 270 825 0 129
878 468 0 785 648 0 0 0 189 0 460 142 206 676 139 416 0 0 0 0 0 858 0 0 0 301 752 402 0 0 0 150 0 493 0 0 57 0 223 851 0 599 0 0 192 754 0 328 5 0 439 998 198 0 251 0 578 417 729 575 0 590 224 104 737 613 0 960 0 435 0 0 763 0 0 816 0 51 479 0 98 951 0 0 129 663 784 765 0 0 851 618 837 0 11 0 270 825 934 0
878 0 543 785 648 146 322 0 189 751 0 0 0 676 139 0 0 0 252 0 166 858 157 0 0 0 752 0 449 0 145 150 0 493 617 0 57 0 223 851 268 599 0 992 192 0 243 0 0 997 0 998 198 0 251 0 0 0 729 0 578 590 224 104 0 613 951 0 745 0 0 0 763 919 907 0 0 51 0 0 98 951 0 0 0 663 0 765 0 117 0 618 0 0 11 324 0 825 0 129
878 468 543 785 0 0 0 951 189 0 460 142 0 676 139 416 452 0 0 465 0 0 0 0 0 301 752 0 449 161 0 150 515 0 0 448 0 6 0 0 0 0 0 0 0 0 243 0 0 997 439 998 0 0 0 681 578 417 729 575 0 590 0 0 737 613 951 0 745 0 0 0 0 919 907 0 0 51 0 0 0 951 0 922 129 0 0 0 0 0 0 618 837 0 11 324 270 825 934 0
878 468 543 0 648 146 322 0 189 0 0 142 0 0 139 416 452 0 0 465 166 0 0 0 894 301 752 402 0 161 0 0 0 493 617 448 57 0 0 0 268 599 609 0 0 754 0 328 5 997 0 998 198 0 251 0 578 417 729 575 0 0 0 0 737 0 0 960 745 435 0 436 0 919 0 816 201 0 0 591 98 0 0 922 129 663 0 765 673 117 851 618 837 171 11 324 0 0 0 0
0 468 543 785 648 146 322 951 189 0 0 0 206 676 139 416 0 0 252 465 166 0 0 0 0 301 0 0 449 0 145 150 0 0 617 448 57 6 223 851 0 599 609 992 0 754 0 0 0 0 0 0 198 0 0 0 0 0 729 575 0 0 0 104 0 0 951 0 745 0 0 0 0 919 0 0 201 0 0 591 0 0 164 0 129 0 0 765 0 0 0 0 837 171 0 324 270 0 934 0
0 468 0 785 0 146 322 951 0 0 460 0 0 0 0 416 0 0 0 465 166 0 157 0 894 301 0 402 0 0 0 0 0 0 617 0 0 6 0 0 0 599 609 992 0 754 0 0 0 997 439 998 198 0 0 0 0 417 0 0 0 590 0 104 737 613 0 0 0 0 176 0 763 919 907 816 0 0 0 591 0 951 0 922 0 663 0 0 673 117 0 0 0 0 11 324 270 0 934 0
0 468 543 785 0 146 322 951 189 751 0 142 0 0 0 416 452 0 0 465 0 858 0 89 894 301 0 0 0 0 145 150 515 493 617 0 57 6 223 851 0 0 0 992 192 0 243 0 5 997 0 998 0 0 251 681 0 0 0 0 578 0 0 0 0 613 0 0 0 0 0 0 0 0 0 0 0 51 0 591 98 951 164 922 0 663 784 0 673 117 0 0 837 0 0 324 0 0 0 0
878 468 543 785 648 146 322 951 0 751 460 142 0 676 0 416 0 623 0 465 0 0 157 0 0 301 752 402 449 161 145 150 0 493 0 448 0 0 223 0 268 0 0 992 0 0 0 0 5 0 439 0 198 112 0 0 578 0 729 575 0 0 0 104 737 613 0 960 0 0 176 436 0 919 0 0 0 51 479 0 0 0 164 922 0 0 0 0 673 0 0 0 837 0 11 324 270 0 0 0
0 468 0 0 0 146 0 951 0 751 460 0 0 0 0 0 452 0 252 465 166 0 0 89 894 0 0 402 0 161 0 150 515 493 0 448 57 6 0 0 268 0 609 992 0 0 0 328 5 0 0 0 198 112 251 0 578 0 0 0 578 590 224 104 0 0 0 960 745 435 0 0 0 919 907 0 201 0 479 0 98 951 164 0 129 663 784 0 0 0 0 618 837 0 11 0 270 825 934 129
0 0 543 0 0 0 322 951 189 0 460 0 0 676 139 0 0 0 0 465 166 0 0 0 0 301 0 402 0 0 145 150 0 493 617 0 57 0 223 0 268 599 0 0 192 0 243 328 0 997 439 0 0 0 0 0 0 0 0 575 578 590 0 104 737 0 951 960 0 0 0 0 0 919 0 816 201 0 479 591 0 951 164 922 0 663 784 0 673 117 0 0 837 171 11 0 270 825 934 129
878 468 0 0 648 146 0 0 189 0 0 0 0 0 0 0 452 623 0 0 0 858 0 0 894 301 752 402 449 161 0 0 0 493 617 448 57 0 223 851 268 599 609 992 192 0 0 328 5 0 0 0 198 0 251 681 578 0 0 0 578 0 224 104 0 0 0 0 0 0 176 436 0 919 907 816 201 51 0 591 98 0 0 0 0 0 0 765 0 0 0 0 0 171 11 324 0 825 934 129
878 0 0 0 648 0 0 951 0 751 460 0 0 676 139 416 0 0 0 465 166 0 0 0 894 0 0 0 0 161 0 150 0 0 617 0 57 0 223 0 268 599 609 992 0 0 243 328 0 0 0 0 198 112 251 0 0 417 729 575 0 590 224 104 0 0 0 960 745 0 0 0 763 919 907 0 0 0 479 0 98 0 0 922 129 663 0 0 0 0 0 0 0 171 11 324 0 0 934 129
0 0 543 0 648 146 0 951 189 0 0 142 206 0 0 416 0 623 0 0 166 0 0 89 894 0 0 402 0 161 145 150 515 0 0 448 57 6 223 851 0 0 609 992 0 0 0 0 0 997 439 998 198 112 0 0 0 0 0 575 578 590 224 104 737 0 951 0 0 435 0 0 0 0 0 0 201 51 479 0 98 951 164 922 129 0 0 0 0 0 0 0 837 171 11 324 270 0 0 0
878 0 543 0 648 0 322 951 0 751 0 0 0 676 0 416 452 623 252 0 0 858 157 0 894 0 752 0 449 161 145 0 0 493 0 0 57 6 0 0 268 0 609 992 0 0 243 0 5 0 0 0 0 0 0 681 578 0 729 0 0 0 0 104 737 0 951 960 0 0 176 436 0 919 907 816 0 51 479 0 98 951 164 0 129 663 0 0 0 0 851 0 837 171 0 324 0 0 934 0
0 468 543 785 0 0 322 951 189 0 0 0 0 0 139 416 452 0 0 0 166 0 157 0 0 301 0 0 449 161 0 150 0 493 0 448 57 6 223 0 268 0 609 992 0 0 243 0 5 0 439 998 0 0 251 0 578 0 0 575 578 590 0 0 0 0 0 0 0 435 0 0 0 0 907 0 201 0 479 0 98 0 164 0 129 0 784 0 673 117 851 618 837 171 11 0 0 825 0 129
878 0 543 785 648 146 0 0 0 751 460 142 206 676 0 416 452 623 252 0 166 0 0 89 0 0 0 0 449 0 0 150 0 493 617 0 0 6 0 0 268 599 0 0 192 754 243 328 5 0 439 998 0 0 0 681 578 0 0 575 578 0 224 104 0 613 951 960 0 435 0 0 0 0 0 0 0 0 0 0 0 951 0 0 0 663 0 765 673 117 851 618 837 0 11 0 0 825 934 0
878 468 543 785 648 0 0 0 0 751 0 0 0 0 0 416 0 0 252 465 0 858 0 0 0 301 0 402 449 161 0 0 515 0 0 0 57 0 223 0 268 0 0 0 192 0 243 0 0 997 0 998 198 112 251 681 0 417 729 575 0 590 224 104 737 613 951 960 0 0 0 0 763 0 907 816 201 51 0 0 98 0 164 922 129 663 784 765 673 0 851 0 0 0 11 324 270 825 0 129
0 468 543 0 648 0 322 0 189 0 0 0 0 676 0 0 0 623 0 465 0 0 0 0 0 0 752 402 0 161 0 0 515 0 0 448 0 6 0 851 0 599 0 0 192 754 0 0 0 0 0 998 198 112 251 681 578 0 0 0 0 590 0 104 0 0 0 0 0 0 176 436 763 919 907 816 201 51 0 591 98 951 164 0 129 663 784 765 673 0 0 618 837 0 0 324 270 825 934 0
0 468 0 0 0 0 0 0 0 751 0 0 0 676 139 0 452 623 0 0 0 858 157 0 894 301 752 0 0 161 0 0 0 493 0 448 57 6 223 0 0 0 609 0 0 0 0 328 5 0 439 0 198 0 0 0 0 0 729 0 578 590 224 104 0 613 0 960 745 435 176 0 763 919 0 816 0 51 479 0 98 951 0 0 129 663 0 0 673 0 851 0 837 171 0 324 270 0 0 0
0 0 0 785 0 0 322 0 189 751 0 142 0 676 0 416 0 0 252 465 0 858 157 0 0 0 0 0 0 0 145 150 515 0 617 448 57 6 223 0 0 599 0 0 0 0 0 328 5 0 439 0 0 112 0 681 0 0 0 0 578 0 0 0 0 613 0 960 745 0 176 0 763 919 907 0 201 51 479 591 98 0 0 0 0 0 784 0 0 117 851 0 0 171 0 0 270 825 934 129
0 0 0 785 0 146 0 951 189 751 0 142 206 676 139 0 452 0 252 0 166 0 0 0 0 0 752 0 0 0 145 150 515 493 0 0 0 6 0 0 0 599 609 0 192 0 0 0 0 0 439 998 198 0 0 0 578 417 0 575 0 590 224 104 737 0 951 960 0 0 0 0 763 919 0 816 0 0 479 591 0 0 0 922 0 0 784 0 0 117 851 618 0 0 11 324 0 825 0 129
878 0 543 0 0 146 0 0 0 751 0 0 0 676 139 0 0 0 252 465 0 0 0 0 894 301 752 0 0 161 0 150 0 0 617 448 0 0 0 851 0 0 609 992 0 0 0 328 5 997 439 998 0 112 0 681 0 417 0 0 0 590 224 0 737 613 951 0 0 435 0 436 0 919 907 816 0 51 0 591 0 0 164 0 129 663 784 0 0 0 0 618 0 0 11 324 270 825 0 0
878 0 0 785 0 0 0 0 0 751 460 142 206 0 0 416 452 0 252 0 166 858 0 0 0 301 752 0 449 161 145 150 515 0 617 448 0 0 223 0 268 599 609 0 0 0 0 328 5 0 439 0 0 0 251 681 0 0 0 575 578 590 0 0 0 0 0 960 745 435 176 436 763 919 907 0 0 0 479 591 98 951 0 922 129 0 0 765 673 117 0 0 837 171 11 0 270 0 0 129
878 468 0 785 648 146 0 951 0 0 0 0 0 676 0 416 0 623 252 0 0 0 157 89 894 301 752 402 449 161 145 150 0 493 0 448 0 0 223 0 268 599 609 992 0 754 243 0 5 0 439 998 198 112 0 0 578 0 729 575 0 590 0 0 0 0 951 960 745 435 176 0 763 0 907 0 201 0 479 0 98 0 0 922 129 663 784 0 673 117 0 618 837 171 11 324 0 825 0 129
878 468 543 785 0 0 0 951 0 0 0 142 206 676 139 0 0 0 252 0 0 0 157 89 894 0 752 0 449 0 0 150 0 493 617 448 0 0 0 0 268 599 609 992 0 0 243 0 0 0 439 0 0 112 251 681 0 417 0 0 578 590 224 104 0 0 0 960 0 0 176 0 763 919 0 0 201 51 479 591 98 0 0 0 129 663 784 765 0 117 851 618 0 0 0 0 270 0 0 0
878 0 0 785 648 0 322 0 189 751 0 0 206 676 139 0 0 0 0 465 0 858 157 89 894 301 0 0 0 161 145 150 515 0 0 448 57 6 0 851 0 599 0 992 0 0 243 328 5 0 439 998 198 112 0 681 578 417 729 0 0 0 224 104 0 0 0 0 0 0 0 0 763 0 907 816 201 0 479 0 0 951 0 0 0 0 0 765 673 0 0 0 837 0 11 324 0 825 934 0
878 468 543 785 0 0 322 951 0 0 0 0 0 676 139 416 0 0 0 0 0 0 157 89 894 301 0 0 0 0 145 150 0 0 0 448 0 0 0 0 0 0 0 0 192 754 0 328 5 997 439 0 198 112 0 0 0 417 729 0 578 590 224 104 0 613 0 960 0 0 176 0 0 0 0 0 0 0 479 591 0 951 164 922 129 663 784 0 673 0 851 618 837 0 0 0 270 0 934 0
0 468 0 785 648 146 0 951 189 0 0 0 0 676 0 416 452 623 0 465 166 0 0 89 0 301 0 0 0 161 0 0 515 493 0 0 0 6 0 0 0 0 0 0 0 0 0 0 0 0 439 998 198 112 0 681 578 417 0 575 578 0 224 0 737 613 0 960 745 435 176 436 0 919 907 816 0 0 0 0 98 951 0 0 0 0 784 765 0 0 851 618 837 0 0 324 270 0 0 129
878 0 543 0 648 146 0 0 189 751 460 142 206 0 0 0 452 0 252 465 0 858 157 0 894 0 752 402 449 161 145 0 0 493 617 448 0 6 223 0 268 599 609 992 0 754 0 0 5 997 439 998 198 112 251 681 578 0 0 575 578 590 224 0 737 0 951 0 745 0 0 0 763 919 907 0 0 0 0 0 0 0 0 0 0 663 0 0 0 0 851 618 837 171 0 0 0 825 934 0
878 468 0 785 0 146 322 0 189 751 0 0 0 676 0 0 452 0 0 0 166 0 157 89 0 0 752 0 449 0 145 150 0 493 617 0 57 0 0 0 0 599 609 992 0 754 243 328 5 0 439 0 0 112 0 681 0 0 0 0 0 590 0 0 737 613 951 960 0 435 176 0 0 919 907 0 201 0 479 591 98 951 0 922 0 663 784 0 673 117 0 618 0 0 11 324 0 825 0 129
878 468 543 0 0 0 322 0 0 751 0 0 206 0 0 416 452 623 252 0 0 858 0 89 0 301 752 0 449 0 0 0 515 493 0 0 57 6 0 0 268 0 609 992 192 0 0 328 5 0 0 0 198 112 251 681 578 417 729 0 0 0 224 104 0 613 951 0 0 0 176 436 0 919 907 0 0 51 0 591 0 951 0 922 129 0 0 0 0 0 851 618 0 171 11 324 270 0 0 129
0 0 543 0 0 146 322 0 0 751 0 0 0 0 139 416 452 623 0 0 166 858 0 89 0 0 0 0 449 161 145 0 0 493 617 0 57 6 223 0 0 599 609 0 0 0 243 328 0 997 0 0 0 112 0 0 0 0 0 0 0 590 0 104 737 613 0 960 0 435 176 0 0 0 907 0 0 51 0 591 0 0 0 0 129 663 0 765 673 117 851 618 837 0 11 0 0 0 0 129
878 468 543 785 648 146 322 951 189 0 0 0 206 676 0 0 452 0 0 0 166 858 0 89 894 301 752 0 449 161 145 0 0 493 0 0 0 6 223 851 268 0 609 0 192 0 243 0 0 997 0 998 198 0 0 0 578 0 0 575 578 0 224 104 737 613 0 960 0 0 176 436 0 0 0 0 201 51 0 591 0 0 164 0 129 663 784 0 673 117 851 618 837 0 0 324 0 0 0 129
0 0 0 0 648 146 0 951 0 751 460 142 206 0 139 416 452 623 0 465 0 0 0 89 0 0 752 402 449 0 0 150 0 493 617 0 57 6 223 851 0 599 0 992 0 0 0 0 5 997 439 998 198 112 251 0 0 417 0 0 578 590 0 0 0 613 951 960 0 0 0 0 0 0 907 816 201 51 479 0 98 951 0 922 129 0 0 765 673 117 0 0 0 171 0 324 0 0 0 129
0 468 543 0 0 146 322 951 0 0 0 0 0 676 139 0 0 623 252 0 166 0 157 0 0 301 752 0 449 161 145 150 515 0 617 0 0 0 223 851 268 0 609 992 192 0 0 328 5 0 439 0 0 112 251 0 0 417 0 575 578 0 0 104 737 0 951 0 0 435 176 0 0 0 907 0 201 0 0 0 98 0 0 0 0 0 0 765 673 117 0 0 0 171 11 324 0 825 0 0
14.43, 10.24, 25.03, 11.54, 27.59, 24.12, 21.41, 20.01, 17.69, 22.17, 18.5, 30.46, 21.91, 13.55, 29.21, 20.79, 34.82, 23.59, 21.08, 18.77, 10.48, 17.5, 29.49, 25.24, 16.74, 25.57, 27.07, 16.31, 17.85, 20.86, 21.7, 16.92, 24.62, 10.6, 11.51, 23.52, 19.22, 23.09, 17.13, 25.78, 19.06, 13.05, 9.57, 28.0, 21.96, 17.5, 20.44, 22.22, 19.36, 14.43, 13.0, 20.35, 23.22, 10.99, 14.93, 33.03, 15.15, 22.64, 24.41, 17.43, 30.34, 26.72, 19.41, 9.57, 27.7, 13.74, 26.53, 25.55, 17.49, 14.56, 19.05, 19.81, 7.53, 13.88, 14.4, 16.43, 26.64, 13.25, 14.7, 13.88, 24.5, 16.69, 24.63, 16.54, 16.92, 24.87, 31.16, 25.81, 18.22, 31.01, 27.86, 13.94, 21.53, 10.74, 29.19, 25.75, 21.2, 15.04, 21.27, 25.81
25.5, 19.03, 26.83, 17.98, 30.24, 28.77, 25.2, 25.5, 26.37, 28.01, 27.75, 26.58, 25.5, 19.92, 27.62, 28.22, 28.36, 27.44, 25.47, 28.35, 16.59, 26.25, 29.2, 28.22, 26.01, 27.98, 28.54, 27.95, 27.38, 25.64, 26.26, 25.64, 26.47, 18.28, 18.39, 25.64, 25.5, 27.97, 28.71, 27.13, 25.98, 18.88, 20.55, 25.76, 25.71, 27.21, 24.87, 25.5, 25.64, 25.58, 19.21, 27.58, 28.53, 17.82, 28.94, 26.41, 27.24, 28.0, 27.16, 25.5, 28.26, 28.6, 28.47, 16.59, 28.1, 19.72, 30.13, 28.92, 27.96, 26.17, 25.5, 25.5, 16.75, 19.5, 27.61, 26.23, 27.19, 20.02, 25.96, 20.26, 25.5, 25.64, 28.23, 27.42, 25.79, 29.12, 28.99, 26.96, 25.83, 28.53, 27.64, 17.71, 26.65, 19.03, 29.04, 27.22, 29.07, 26.35, 28.86, 26.89
34.82,34.82,34.82,34.82,34.82,34.82,34.82,34.82,34.82,34.82,34.82,34.82,34.82,34.82,34.82,34.82,34.82,34.82,34.82,34.82,34.82,34.82,34.82,34.82,34.82,34.82,34.82,34.82,34.82,34.82,34.82,34.82,34.82,34.82,34.82,34.82,34.82,34.82,34.82,34.82,34.82,34.82,34.82,34.82,34.82,34.82,34.82,34.82,34.82,34.82,34.82,34.82