100
0 0 0 75 30 0 0 331 445 414 352 928 0 0 730 0 0 65 0 211 319 0 585 0 0 0 0 0 0 0 0 77 631 0 0 812 856 0 418 0 0 0 344 0 907 0 0 659 567 971 0 544 0 873 0 0 0 0 0 0 0 904 0 810 0 679 759 0 0 0 0 94 0 0 0 0 0 0 0 736 119 0 0 291 441 119 922 733 462 673 289 0 376 671 0 0 282 0 0 0
166 799 0 0 0 418 0 331 445 414 0 928 930 281 0 0 940 65 0 211 0 123 0 0 996 195 817 620 0 0 724 0 0 215 919 812 856 817 0 0 0 0 344 68 907 222 298 659 0 0 106 0 0 0 0 779 0 0 119 0 0 904 427 810 0 0 0 684 848 312 184 94 16 0 0 0 103 0 0 736 119 104 553 0 441 119 0 733 0 0 289 0 376 0 0 0 282 739 0 0
0 799 143 0 0 418 854 0 0 414 352 928 0 0 730 0 0 0 989 211 319 123 0 0 0 0 817 0 986 0 0 0 631 215 919 0 0 817 418 978 0 0 0 0 907 222 0 659 567 0 106 544 0 0 905 0 0 0 119 0 778 0 427 810 0 0 0 0 848 0 184 94 16 903 796 0 103 175 529 736 0 104 553 291 0 119 0 0 462 673 289 664 376 671 413 0 282 739 575 25
0 0 0 0 30 0 854 0 0 414 352 928 930 281 730 218 940 0 989 211 319 123 585 0 0 195 0 620 986 442 0 0 0 215 0 0 856 817 418 978 500 0 344 68 907 222 0 0 567 971 106 0 915 873 905 779 168 122 119 433 778 0 427 810 469 679 0 684 0 312 0 94 0 903 0 0 103 175 0 736 0 104 553 291 441 0 922 733 462 0 0 0 0 0 413 712 0 0 0 0
0 0 143 75 30 0 854 331 0 414 0 928 0 0 730 218 940 65 989 0 0 0 0 659 996 195 0 620 0 0 724 77 631 215 919 812 0 0 418 978 0 499 344 68 0 0 0 0 567 0 106 0 915 0 905 779 0 0 0 433 778 904 0 0 469 0 0 0 0 312 0 94 0 903 0 0 0 0 0 0 119 104 0 0 441 0 0 0 0 673 0 0 0 0 413 0 282 739 0 0
166 0 0 0 30 0 854 0 0 414 0 928 0 281 0 0 0 0 0 0 0 0 0 659 996 0 817 620 0 442 724 0 0 215 0 812 856 0 418 978 0 499 344 0 0 222 298 0 0 971 106 0 915 0 0 0 168 0 119 433 0 0 427 0 0 679 0 684 848 312 184 94 16 0 796 79 103 175 0 736 0 0 553 291 0 119 0 733 0 0 289 664 0 671 413 0 0 739 575 25
166 799 143 75 30 0 0 331 445 414 352 0 0 0 0 0 0 65 0 0 319 123 0 0 996 195 0 0 0 442 724 0 0 0 0 812 856 817 0 978 500 0 0 0 907 222 298 0 0 0 0 0 0 0 905 779 168 122 119 0 0 904 427 0 469 679 759 0 0 312 0 0 0 903 0 79 103 175 529 0 119 0 553 0 0 0 0 733 0 0 0 0 376 671 0 0 0 0 575 25
166 0 0 75 30 418 0 331 0 414 0 0 930 281 730 0 940 65 989 211 0 123 585 659 0 0 817 0 0 0 724 77 631 215 0 0 856 0 0 978 500 0 344 0 907 0 0 659 0 971 0 0 915 873 905 779 0 122 119 433 778 0 0 810 0 679 759 684 848 312 0 94 0 0 796 79 103 0 0 736 119 104 0 0 441 119 0 733 462 0 289 664 376 0 413 712 282 0 575 25
166 799 0 75 0 0 854 331 445 0 0 0 0 281 0 218 0 0 989 0 319 0 0 659 0 195 817 620 0 0 0 0 631 215 0 0 856 0 418 978 0 499 0 68 907 0 298 659 0 0 106 0 0 873 0 0 0 122 119 433 0 904 427 810 0 679 759 0 848 312 184 94 16 0 796 0 103 0 0 0 119 0 553 291 0 0 922 0 0 0 289 664 0 671 0 712 0 0 575 25
0 0 0 75 30 418 854 0 0 414 0 928 930 281 730 218 940 65 0 0 319 123 0 659 0 195 0 0 0 0 0 77 0 215 0 0 0 0 0 978 500 0 344 0 907 0 0 0 0 0 106 544 915 873 0 0 0 122 0 433 778 0 0 0 0 679 0 0 848 312 184 94 0 903 0 79 103 0 0 0 119 0 553 291 441 119 922 0 0 0 0 664 376 671 0 0 0 0 575 0
0 799 0 75 30 418 854 331 445 414 352 0 0 0 730 218 0 0 0 211 0 123 585 0 0 0 0 620 986 0 0 77 631 215 0 812 0 0 418 978 500 0 344 68 907 222 0 0 567 0 106 544 915 0 0 0 0 0 0 0 0 0 427 810 0 679 759 0 0 312 0 0 0 903 0 0 103 175 529 736 0 104 553 0 441 119 0 0 0 673 289 0 0 0 0 712 0 0 0 0
0 0 0 75 0 0 854 331 0 414 0 0 930 281 0 0 0 0 989 0 319 123 585 659 0 195 0 0 986 442 724 0 631 215 919 812 856 0 418 978 500 0 0 68 0 222 0 0 567 0 0 0 0 873 905 0 168 0 0 0 0 0 427 810 0 0 759 0 848 0 184 0 16 903 796 79 103 175 0 0 119 0 553 0 441 119 922 733 462 0 289 664 376 671 0 0 282 0 575 25
0 799 0 75 30 0 854 331 445 414 352 928 930 0 0 218 940 0 989 211 0 123 585 0 0 0 817 620 986 0 0 77 631 215 919 812 0 0 418 0 500 499 344 68 907 0 298 0 0 971 106 544 0 0 905 779 168 122 119 0 0 0 427 810 0 679 0 0 0 312 0 0 16 903 796 79 0 0 529 736 0 0 0 291 441 119 0 733 462 673 289 664 376 0 0 0 0 0 0 0
0 0 143 0 30 418 0 0 0 414 0 0 930 0 0 0 940 65 0 211 319 123 0 0 996 0 817 0 0 442 0 77 0 215 919 812 0 817 0 0 500 0 344 68 907 0 0 0 567 0 106 0 915 873 0 0 168 0 119 433 778 0 427 810 469 0 0 684 848 0 0 94 16 0 796 79 103 175 529 736 0 0 0 0 0 0 0 0 462 673 0 664 376 0 413 0 282 0 575 25
166 799 143 75 30 418 0 331 0 0 0 928 930 0 0 218 940 65 989 0 0 0 585 0 0 0 0 620 0 0 724 77 631 215 0 0 856 817 418 978 0 499 344 68 907 222 298 659 0 0 106 0 915 873 0 779 0 122 119 0 0 904 427 0 0 0 0 0 0 312 0 0 16 0 0 79 0 0 0 736 119 0 0 0 441 0 922 733 0 673 0 664 376 0 0 0 0 0 575 0
0 0 143 75 30 418 0 331 0 414 352 0 930 281 730 0 940 0 989 211 319 0 0 0 0 0 817 620 0 0 0 0 0 215 919 0 856 0 418 978 0 0 0 0 0 222 298 659 567 0 0 0 0 873 905 0 0 0 119 0 0 904 427 0 0 679 759 0 0 312 184 94 0 0 0 79 103 0 529 736 119 104 553 291 441 119 0 0 462 0 289 0 376 671 0 712 282 739 575 0
0 799 143 75 30 418 0 331 445 414 352 928 930 0 0 0 940 65 989 0 0 123 0 659 0 0 817 0 0 0 0 77 631 0 0 812 856 817 0 0 500 0 344 0 907 222 298 659 0 0 0 0 0 0 0 779 0 0 0 0 778 0 0 810 0 0 759 0 848 312 184 94 16 903 796 0 0 175 529 736 0 0 553 291 0 119 922 733 462 0 289 664 0 671 0 712 282 739 575 0
0 0 0 75 30 0 0 0 0 0 352 928 0 281 0 0 940 65 0 0 0 123 585 659 996 195 0 0 0 0 724 0 0 215 0 0 0 817 0 0 500 0 0 0 907 0 298 659 567 0 106 0 915 873 905 0 168 0 119 0 0 0 427 810 0 679 759 0 848 0 184 0 0 0 0 0 103 175 0 0 0 104 553 291 441 119 922 0 0 0 0 664 376 0 413 0 0 0 0 25
166 799 0 0 30 418 0 0 0 414 352 928 930 0 0 0 940 65 989 0 319 0 585 659 0 0 817 0 0 442 724 0 0 215 919 812 856 817 0 978 500 499 344 68 0 222 0 659 0 971 106 0 915 873 905 0 0 0 119 433 0 904 427 810 0 0 759 684 0 0 0 0 16 903 0 79 0 175 529 736 119 0 0 0 0 0 922 733 462 673 0 664 0 0 413 712 0 739 0 25
166 799 143 75 0 0 854 0 0 0 352 928 930 281 0 218 940 65 989 0 0 0 585 0 996 0 817 0 986 442 0 0 0 0 0 0 856 0 418 978 500 499 0 0 0 0 0 0 0 0 106 0 0 0 905 779 168 0 0 433 0 0 0 0 469 679 759 0 0 312 0 94 0 0 796 0 103 0 529 0 0 104 0 0 441 0 0 733 462 673 289 664 376 671 413 0 282 0 575 0
166 0 143 0 0 0 854 331 0 414 352 0 0 281 730 218 0 0 0 211 0 0 585 0 996 0 817 620 0 442 724 0 0 215 0 0 0 0 418 978 0 0 0 0 0 0 298 659 0 971 106 544 0 0 0 0 168 0 119 0 0 904 0 0 469 679 759 0 848 312 184 94 16 903 796 0 103 175 529 0 0 0 0 0 0 0 922 733 462 673 289 0 0 671 0 712 282 0 575 25
166 0 0 0 0 418 854 331 445 414 352 0 0 0 0 218 940 0 989 211 319 0 0 659 996 0 817 620 0 0 0 0 631 0 919 812 856 0 0 978 500 499 0 68 0 0 0 0 567 971 0 0 0 873 905 0 0 0 119 0 0 0 0 0 0 0 759 0 0 0 184 94 0 0 796 0 103 0 0 736 119 104 553 0 441 119 922 0 462 0 0 0 376 671 413 712 0 739 0 25
0 799 0 75 30 418 0 0 0 0 0 0 0 0 0 0 0 65 989 0 0 0 0 0 996 0 817 0 0 0 724 77 0 215 919 0 856 0 0 0 0 0 344 68 907 0 298 659 0 0 0 544 0 873 0 0 0 122 0 0 778 904 427 810 469 0 0 684 0 0 0 94 16 903 0 0 103 0 529 736 119 0 553 291 0 119 0 0 0 673 289 664 0 0 413 0 282 739 0 0
166 0 143 0 0 0 0 331 445 414 0 0 930 0 730 0 0 65 0 0 319 0 585 659 996 0 0 620 986 0 0 77 0 215 919 0 856 0 418 0 0 0 0 0 0 222 0 659 0 971 106 0 915 0 905 0 168 122 119 0 778 904 0 810 0 0 0 684 848 0 184 94 16 0 0 79 103 0 0 0 119 0 553 291 0 0 922 0 0 673 0 0 376 671 413 0 0 0 575 25
0 0 143 0 30 0 854 0 445 414 0 928 930 281 730 218 0 65 989 211 319 123 0 659 0 0 0 0 986 0 724 0 0 215 919 812 0 0 418 0 500 499 344 0 0 0 298 0 0 971 106 0 915 873 0 779 0 0 119 0 0 0 427 810 469 0 0 684 0 312 0 94 0 0 796 0 0 0 0 0 119 0 553 0 0 0 0 0 0 673 289 0 0 0 413 712 282 0 0 0
0 0 143 0 0 418 0 331 0 414 0 928 930 281 0 0 0 0 0 211 0 123 0 659 996 195 817 0 986 0 0 77 0 215 919 812 856 817 418 0 0 499 344 0 907 0 298 0 567 0 106 0 0 0 0 0 0 0 0 0 778 0 0 810 469 0 759 684 848 312 184 94 0 903 0 79 0 0 0 736 0 104 0 291 0 0 922 0 0 0 289 664 0 671 0 712 0 0 575 25
0 799 143 75 0 0 0 331 0 414 0 928 0 281 0 0 0 65 989 211 319 0 0 0 0 195 0 0 0 442 724 77 0 215 0 0 0 0 418 978 500 499 0 68 0 222 0 0 567 0 0 0 915 873 905 0 168 0 0 0 0 904 0 0 0 0 759 684 848 0 184 94 16 0 796 79 0 0 0 736 119 104 0 291 441 119 0 733 462 0 0 664 0 671 413 712 282 0 575 0
0 0 143 0 30 418 854 0 445 414 0 0 0 0 730 0 0 0 989 0 0 0 0 659 0 195 0 620 0 442 724 0 631 215 919 0 0 0 0 978 0 0 344 68 907 0 298 0 0 971 0 0 0 0 0 0 0 122 0 0 0 904 427 810 469 0 0 684 0 0 184 94 0 0 0 0 103 0 0 0 119 104 0 0 0 119 922 0 462 673 289 0 0 671 0 712 282 0 575 0
166 799 0 0 30 0 854 0 445 414 352 0 930 281 0 218 0 65 989 0 319 123 0 0 996 0 0 0 986 442 724 0 631 215 0 812 0 0 0 0 0 0 0 0 907 0 298 659 0 0 106 0 915 873 0 779 168 0 119 433 778 904 427 0 0 679 759 684 848 312 0 0 16 903 0 79 103 175 529 736 0 0 553 0 441 0 0 0 0 0 0 664 376 671 413 712 0 0 575 0
166 799 0 75 30 418 854 0 445 414 352 0 930 0 730 218 0 65 989 0 319 0 585 659 0 195 817 0 986 442 0 0 631 215 919 812 856 817 418 978 500 0 344 0 907 222 298 659 567 971 0 0 915 0 0 779 168 122 119 0 778 904 0 810 0 679 0 684 848 312 0 94 16 903 0 79 0 0 529 736 0 104 0 291 0 0 922 0 462 673 0 664 0 671 0 0 282 739 575 25
166 799 0 75 0 418 0 331 0 0 352 0 0 281 0 0 0 0 0 0 319 123 0 659 0 0 0 620 0 442 724 0 631 215 0 812 0 817 418 0 0 499 344 0 907 222 298 0 0 971 0 0 0 0 905 0 0 0 119 433 778 904 0 0 0 679 759 0 848 0 184 0 16 0 796 79 103 0 529 736 0 104 0 291 0 0 0 0 0 673 289 664 376 0 0 712 0 739 0 0
0 799 0 75 0 418 854 0 0 414 352 0 0 0 0 218 940 0 989 0 319 0 585 0 996 195 0 0 986 442 724 77 631 215 919 812 0 817 418 978 500 499 344 0 0 222 298 659 0 971 106 544 915 0 0 0 0 122 0 0 778 0 0 0 469 679 759 0 848 0 0 0 16 903 796 79 0 175 529 0 0 0 553 0 441 0 0 733 462 673 289 0 376 0 413 0 0 0 0 0
166 0 143 0 30 0 0 331 0 0 0 928 0 281 730 218 0 65 989 211 319 123 585 0 996 195 817 620 0 0 0 0 0 0 0 812 0 817 418 0 500 499 0 0 0 0 298 659 567 971 0 544 0 0 905 779 168 0 0 433 0 0 0 810 0 679 759 684 0 0 0 94 0 903 0 0 0 175 529 0 0 104 553 0 0 119 922 0 462 673 289 664 0 671 0 712 282 0 0 0
0 799 143 75 30 0 0 0 0 414 0 0 930 281 730 218 0 65 0 0 0 0 585 0 996 195 817 620 0 442 0 0 631 215 0 0 0 0 418 978 500 0 0 0 0 222 298 0 0 0 106 544 0 0 0 779 168 122 0 433 778 0 0 0 0 0 759 0 848 312 0 0 16 903 0 0 103 175 529 736 119 104 0 0 441 0 0 0 0 673 0 0 376 0 413 712 0 739 0 0
166 0 143 75 0 418 0 0 445 414 0 0 0 281 730 218 940 0 989 0 0 123 585 659 0 0 0 0 986 442 724 0 0 215 919 812 856 817 418 978 0 499 344 0 0 222 0 0 567 0 0 544 0 873 0 779 168 0 0 0 778 0 0 810 469 0 759 0 848 312 184 0 0 0 796 79 0 0 0 736 119 104 553 291 0 0 0 0 0 0 289 0 376 0 413 0 282 0 0 25
166 799 143 75 30 418 854 331 0 0 0 0 0 0 730 0 0 0 989 0 319 0 0 659 996 195 817 620 986 442 0 0 0 0 919 812 0 817 418 978 500 499 0 0 907 0 298 0 567 971 106 0 0 873 0 0 168 0 0 0 0 904 0 0 469 0 0 0 0 0 0 0 0 0 796 79 103 0 0 736 0 0 553 291 441 119 922 0 0 673 0 0 0 0 413 712 0 0 575 25
0 0 143 75 30 418 0 331 0 0 0 928 930 0 0 0 0 0 989 0 0 0 0 659 0 0 0 620 0 0 0 0 0 0 919 812 0 817 418 978 500 499 344 0 0 0 298 0 0 0 0 0 0 873 0 0 0 0 119 433 778 0 427 0 0 679 0 684 848 0 184 94 0 0 796 79 103 0 0 736 119 0 0 291 441 119 0 733 462 0 0 664 0 0 0 0 282 739 575 25
0 0 0 75 0 0 854 0 0 414 0 928 930 0 0 0 940 0 0 0 0 123 585 659 996 0 0 0 0 442 724 0 0 0 919 0 0 817 418 978 0 499 344 68 0 222 298 0 567 0 0 544 0 0 905 779 0 0 0 433 0 904 427 0 469 679 0 0 848 312 0 94 16 903 796 0 103 0 529 736 119 104 0 0 0 0 0 0 462 0 289 664 0 0 413 0 0 0 575 25
0 799 143 75 0 418 0 0 0 0 352 928 0 0 0 0 0 0 989 211 319 0 585 659 0 0 817 0 0 0 0 0 0 0 919 0 0 817 418 978 500 499 344 68 0 0 0 659 567 0 0 0 915 873 0 0 168 122 119 0 778 904 0 810 0 679 0 684 848 312 184 0 0 0 796 0 103 0 0 0 119 104 553 0 441 0 0 733 0 673 0 0 0 0 0 0 282 739 575 0
166 0 143 0 30 418 0 0 445 414 0 0 0 0 0 218 0 0 989 0 319 123 585 0 0 195 0 620 0 0 724 77 0 215 0 0 856 817 0 978 500 0 0 0 907 0 0 659 567 971 106 0 0 0 905 779 168 122 0 0 0 0 427 810 0 0 0 684 0 0 0 0 0 903 796 79 103 0 0 0 119 104 553 0 441 0 922 733 462 673 0 664 376 0 0 712 0 0 575 0
0 0 0 75 30 418 854 0 445 414 352 928 930 281 0 218 0 0 0 211 0 0 0 0 0 195 0 620 0 442 724 0 0 0 919 812 856 817 418 978 0 499 344 0 0 0 298 0 567 0 0 0 915 0 0 779 168 0 0 433 778 904 0 0 0 679 759 0 848 0 0 0 0 0 796 0 0 0 0 0 0 104 553 0 441 0 922 733 462 0 0 0 376 671 413 0 0 739 575 25
0 799 0 75 30 418 854 0 445 0 352 928 930 0 0 0 940 0 0 0 0 123 585 0 996 195 817 0 0 442 0 77 631 0 0 812 0 0 0 0 0 499 344 68 907 222 298 0 567 0 106 544 915 873 905 779 168 122 0 433 778 0 427 0 0 679 0 684 0 312 0 0 16 903 796 0 103 0 529 736 0 104 553 0 0 119 922 0 0 673 289 664 0 0 0 0 0 0 575 25
0 0 143 75 0 418 854 331 0 414 0 0 930 281 730 218 940 0 0 0 319 123 0 0 0 195 0 0 986 442 724 77 0 215 0 0 0 817 418 978 500 499 0 0 907 0 298 0 567 971 106 0 0 0 905 779 168 0 119 433 778 904 427 0 0 679 0 684 848 0 0 94 16 903 796 0 0 0 529 0 0 0 0 291 0 119 922 0 462 673 289 664 376 671 0 712 282 0 0 25
166 799 143 75 0 418 0 0 0 414 352 0 930 281 730 218 940 65 0 0 0 123 585 0 0 0 0 0 0 442 724 0 631 215 0 0 856 817 418 0 0 0 344 0 907 222 0 659 567 971 106 0 915 873 0 779 168 122 0 0 778 904 427 0 0 679 0 0 0 0 184 94 16 903 796 0 103 0 529 736 0 0 0 0 0 119 922 733 462 673 289 664 0 0 413 712 282 0 575 0
166 799 143 75 0 0 854 331 0 414 352 928 930 0 0 0 0 0 989 211 319 0 0 659 0 0 817 0 0 442 724 0 631 215 919 812 856 0 418 978 0 0 0 0 907 0 0 659 0 971 106 544 915 0 0 0 0 122 119 0 0 0 0 810 469 0 759 0 848 312 184 0 0 0 796 79 0 175 529 0 0 0 0 291 441 0 0 0 462 673 289 0 0 0 413 0 0 739 575 25
166 799 143 0 0 0 0 0 0 0 352 928 0 0 730 218 940 0 989 211 319 0 0 659 0 0 0 0 0 0 0 77 0 215 919 0 0 0 418 978 500 0 0 0 907 222 298 659 567 971 106 0 915 873 905 0 168 122 0 433 0 904 0 0 0 679 759 0 0 0 0 0 0 0 796 79 0 175 0 0 119 104 553 0 441 0 0 733 462 0 289 0 376 0 413 0 0 739 0 0
0 799 0 75 0 0 854 0 0 0 0 928 0 0 730 218 0 0 0 211 0 123 585 0 996 0 817 620 0 442 724 77 631 215 919 0 856 0 418 0 0 499 0 68 907 222 298 0 567 971 106 0 0 873 905 779 168 0 0 0 0 904 427 810 469 679 0 684 0 0 0 0 16 903 796 0 0 175 529 0 119 0 0 291 441 0 922 733 462 0 0 0 376 671 0 712 282 739 0 25
0 799 143 0 30 418 854 331 0 0 0 928 930 281 0 218 940 0 989 211 319 123 0 659 996 195 817 620 0 0 724 0 0 0 0 812 0 817 0 0 500 499 344 0 0 222 0 0 567 971 106 544 0 0 905 0 0 0 0 433 0 904 427 0 0 679 759 0 848 0 0 0 0 903 0 0 103 175 0 0 0 0 553 291 0 119 0 0 0 0 0 0 0 671 0 0 0 0 575 25
166 0 0 0 0 418 854 0 445 414 0 928 930 281 0 0 940 65 989 211 0 0 0 0 996 195 0 0 986 0 0 77 631 0 0 0 856 817 0 978 0 0 344 68 0 0 298 0 567 971 0 0 915 873 0 0 0 122 0 0 0 904 0 0 469 679 0 0 0 0 184 94 16 0 796 0 103 175 529 0 119 104 0 0 0 0 922 733 462 673 289 0 0 0 413 0 282 0 575 25
166 0 143 0 0 418 854 0 0 0 0 928 930 0 0 0 940 0 989 0 0 123 585 659 0 195 817 620 0 0 0 77 631 215 0 812 856 0 418 0 0 0 344 0 907 0 298 659 567 0 0 544 0 0 0 779 168 122 119 433 778 904 427 0 469 679 0 0 0 312 0 94 16 0 796 79 0 175 0 0 119 0 0 0 441 0 0 0 0 673 289 0 376 671 413 712 0 739 0 0
166 799 0 0 30 418 0 0 445 0 0 0 930 0 730 218 940 0 989 211 319 0 0 659 996 0 817 0 0 0 724 0 0 0 919 0 856 0 0 978 0 0 344 0 0 0 298 0 0 0 106 544 0 873 0 779 168 0 119 0 0 904 427 0 469 679 0 684 848 0 0 94 0 0 796 0 103 175 529 736 119 104 0 0 0 119 0 0 0 0 289 664 376 0 413 0 282 0 575 25
166 799 0 75 30 0 854 331 0 414 0 928 0 281 0 0 940 65 0 0 0 0 585 659 0 195 817 0 0 0 724 0 631 0 919 0 856 0 0 978 0 0 0 0 907 0 298 0 567 971 106 544 0 873 0 0 168 122 119 433 778 904 0 0 0 0 759 684 0 312 184 0 0 903 0 79 0 175 529 736 0 0 0 291 0 0 0 0 462 673 289 664 0 0 0 712 282 739 575 0
0 799 143 0 30 418 854 331 0 414 0 928 0 0 0 218 940 65 989 211 319 0 585 0 0 0 817 620 986 442 0 77 631 0 0 812 0 817 0 0 500 0 344 68 907 222 0 0 567 0 0 544 915 873 905 779 168 122 0 433 0 904 427 810 0 679 759 684 0 0 0 0 0 0 796 0 103 0 529 736 119 0 0 0 441 0 0 733 0 673 0 664 376 671 0 712 0 0 0 0
166 799 143 0 30 418 854 0 0 414 0 928 0 281 0 218 0 65 0 211 0 0 0 0 0 0 817 620 986 442 0 0 0 215 0 812 0 0 0 0 0 499 344 0 907 0 298 0 0 971 0 0 915 873 905 779 168 0 119 0 778 0 0 0 469 0 0 0 848 312 0 0 16 903 0 79 0 175 0 736 0 104 553 0 441 119 922 733 462 0 289 664 0 0 413 0 282 0 0 0
166 0 0 75 30 0 854 0 0 0 0 928 0 0 730 0 0 0 989 211 319 123 585 0 996 195 0 620 0 0 0 77 631 0 0 0 0 0 0 978 0 0 0 68 0 222 0 0 0 0 106 0 0 0 0 0 0 0 119 0 778 0 427 0 0 679 759 0 848 0 0 94 0 0 0 79 103 175 0 0 0 104 553 0 441 0 922 0 462 673 289 0 0 671 0 0 282 0 575 0
0 0 0 75 0 418 854 0 445 0 0 0 0 0 0 0 0 0 0 211 0 0 0 659 0 195 0 0 986 442 724 0 0 215 919 812 0 817 0 978 500 0 344 0 0 222 298 0 567 971 106 0 0 873 905 779 0 122 119 0 0 904 427 0 469 679 0 0 0 312 0 0 0 903 796 0 0 175 0 736 119 104 553 291 441 0 0 733 0 0 0 664 376 0 413 712 0 739 575 0
166 799 0 75 0 418 854 331 0 414 0 928 0 281 730 218 940 0 0 0 319 123 585 659 0 0 0 0 0 0 724 0 631 0 0 0 0 817 418 0 0 499 0 0 907 0 0 0 0 0 0 544 915 873 0 0 0 122 119 0 778 904 427 810 469 679 0 0 848 0 0 94 0 0 796 79 103 175 529 0 119 104 553 291 0 119 0 0 0 0 289 664 0 0 0 0 0 739 0 0
166 799 143 75 30 0 854 331 0 414 352 928 930 281 0 218 0 65 0 0 0 123 0 0 0 0 817 0 986 0 724 0 631 215 0 0 0 0 418 978 0 499 344 68 907 222 298 0 0 971 0 544 0 0 905 0 0 0 119 0 0 904 427 0 0 679 0 0 0 312 0 0 0 0 796 0 103 0 529 0 0 104 553 0 0 0 0 733 0 0 289 0 376 671 413 712 282 0 575 0
0 799 143 0 0 0 0 0 445 414 352 928 0 0 730 218 940 65 989 0 0 123 585 659 996 195 817 620 0 0 0 0 0 215 0 812 856 0 418 0 0 499 0 0 0 222 298 659 567 0 0 0 0 873 905 0 168 122 0 0 778 904 427 810 0 679 759 684 0 312 184 0 0 0 796 0 103 0 0 736 0 0 0 0 0 119 0 0 0 0 289 664 0 0 413 712 282 739 0 0
166 0 0 0 0 418 854 331 0 0 0 0 0 0 0 0 0 65 989 211 319 123 0 659 0 195 817 0 0 0 724 77 0 215 919 812 856 817 418 978 500 499 0 68 0 0 298 659 567 0 0 0 0 873 0 0 0 122 119 433 778 904 427 810 469 0 759 0 848 312 184 0 0 0 796 79 103 0 529 736 0 0 0 291 0 119 0 733 0 673 0 664 0 0 413 0 282 0 0 0
166 799 0 75 30 0 854 331 0 414 0 0 930 281 730 218 0 65 989 211 319 123 585 659 996 0 817 0 0 0 0 77 0 215 0 812 856 0 418 978 0 0 0 68 0 222 298 0 567 971 0 0 0 873 905 779 168 122 0 433 0 0 427 810 469 0 0 0 0 0 0 0 0 903 0 79 0 0 0 736 119 104 553 291 441 0 922 733 462 0 0 0 0 671 0 712 0 0 575 25
166 799 143 0 30 0 0 331 0 0 0 0 930 0 0 218 0 65 0 0 0 0 0 659 996 0 0 0 986 442 0 0 631 0 0 812 856 817 0 0 500 499 344 0 0 222 0 0 567 0 0 0 0 0 905 779 168 122 119 0 778 0 0 810 469 0 759 0 0 312 184 94 16 0 0 0 0 175 529 736 0 0 0 291 441 0 0 733 462 673 0 664 0 0 0 712 0 0 0 0
0 799 143 0 0 0 854 331 0 414 352 0 0 281 0 218 940 0 989 0 319 0 585 659 0 0 0 0 986 442 0 0 631 215 919 0 0 0 0 978 0 0 0 0 0 222 298 0 0 971 0 0 915 873 0 779 0 122 0 433 0 904 0 810 469 679 0 684 848 0 0 0 16 903 0 79 103 175 0 736 119 0 0 291 441 119 0 0 462 0 289 0 0 0 413 0 0 739 575 0
0 0 0 0 0 0 854 0 445 0 0 0 0 281 0 218 940 65 989 0 0 123 0 0 0 195 0 0 0 0 0 0 631 0 919 0 0 817 418 0 0 499 0 68 0 222 0 659 0 971 0 0 0 0 905 779 168 0 119 0 0 904 427 810 469 679 0 0 0 312 0 94 16 0 796 0 103 0 529 0 0 0 553 291 0 119 0 733 0 673 0 0 376 0 0 0 282 0 575 0
0 799 143 0 30 0 0 331 0 0 0 928 930 281 730 218 0 65 0 211 0 0 0 0 996 195 817 620 0 442 0 0 631 215 919 0 0 817 418 0 0 499 344 0 907 222 0 0 567 971 106 0 915 873 905 779 0 122 119 433 778 904 427 0 469 679 759 684 848 0 0 0 16 903 0 79 103 175 529 0 0 104 553 0 0 119 922 0 0 673 289 0 376 671 0 712 282 739 0 25
166 799 0 75 30 0 0 0 445 0 352 928 930 281 730 218 0 0 0 0 0 123 0 0 0 195 817 620 0 0 0 77 0 215 0 0 856 0 418 978 0 499 0 0 907 222 0 659 567 0 106 544 915 0 905 0 168 122 119 433 0 904 427 810 469 679 0 684 0 312 0 0 16 0 0 79 0 175 529 0 119 104 0 0 441 119 922 733 0 0 289 664 376 0 413 0 282 739 575 0
166 0 143 75 30 418 854 0 445 414 0 0 0 281 730 0 0 0 989 0 319 123 585 0 0 0 817 0 986 0 724 77 0 215 919 0 856 0 418 978 500 499 0 68 907 0 298 0 0 971 0 544 915 0 905 0 0 0 119 0 778 904 427 810 0 679 759 0 848 0 0 0 16 903 796 0 0 175 0 0 119 104 0 0 0 119 0 733 0 673 0 664 0 0 413 712 0 739 0 25
166 799 143 75 0 0 0 331 445 0 352 928 0 281 730 218 940 0 0 211 0 0 0 0 0 195 817 0 986 442 0 77 631 0 0 812 0 817 0 0 0 0 0 0 0 0 298 0 0 971 106 544 0 0 0 779 168 122 119 433 0 904 0 0 469 679 759 0 848 0 0 0 0 903 796 0 0 175 0 0 0 104 0 291 441 0 0 0 0 0 0 664 376 0 413 712 282 739 575 0
166 799 143 0 30 418 854 0 445 0 0 928 0 0 730 218 940 0 0 211 319 0 0 0 996 195 817 620 0 442 0 0 0 215 919 812 856 0 0 0 500 499 344 0 0 222 0 659 567 971 0 544 915 0 905 0 168 122 119 433 0 0 0 0 469 0 0 684 848 312 0 94 0 903 0 79 103 0 0 736 119 0 0 291 441 119 0 733 462 673 289 664 376 671 413 712 0 0 0 0
0 799 143 75 30 418 854 331 445 0 0 0 930 281 730 218 0 0 989 211 319 0 0 0 0 195 0 0 986 0 724 77 0 0 919 812 856 817 418 978 0 499 344 68 0 222 0 0 0 0 0 0 915 0 0 0 0 0 119 433 0 0 0 810 0 0 759 0 848 0 0 0 0 903 0 0 103 0 0 736 0 0 553 0 441 0 0 733 0 0 0 0 376 671 0 712 282 0 575 0
0 799 0 75 0 418 854 331 0 0 352 0 0 0 0 218 0 0 0 211 319 0 585 0 996 195 0 620 0 0 0 0 0 0 919 0 0 817 0 0 0 499 344 68 0 222 0 0 0 971 106 544 915 0 0 0 0 122 0 0 0 904 0 810 469 679 0 0 0 0 184 0 16 903 796 79 0 0 0 736 0 104 0 291 0 119 0 0 462 673 0 0 0 0 413 712 282 0 575 0
0 799 143 75 0 418 854 331 445 414 0 928 0 0 0 218 940 0 0 211 0 123 0 659 996 195 0 0 0 0 724 77 631 215 919 0 856 817 418 978 0 0 0 68 907 0 298 0 567 971 0 544 0 0 905 779 0 0 0 0 778 0 0 0 0 679 0 0 0 0 0 0 0 0 0 0 0 175 0 736 119 104 553 291 0 119 922 0 462 673 0 0 376 0 0 712 0 0 0 0
166 799 143 75 30 418 854 331 0 414 352 928 0 281 0 218 0 65 0 211 0 0 585 0 0 195 817 620 986 442 724 77 0 215 0 812 0 0 418 0 500 0 0 68 0 0 0 0 567 0 106 0 915 873 0 0 168 0 119 433 0 0 0 810 469 679 0 684 0 0 184 94 0 903 0 0 0 175 529 0 0 0 553 291 0 0 0 0 462 0 0 0 376 0 413 712 282 0 0 0
0 799 0 0 0 418 0 331 0 414 352 0 0 0 0 0 940 0 989 211 319 0 0 659 996 0 0 620 0 442 0 77 631 215 0 812 856 817 0 0 500 0 344 68 0 0 0 659 567 0 0 0 915 873 905 0 168 0 0 0 778 904 427 810 0 0 0 684 848 312 0 0 0 903 796 0 103 0 529 0 119 104 553 0 441 119 922 0 0 0 0 664 376 0 413 0 282 739 575 25
0 0 143 0 0 0 854 331 445 0 352 0 0 281 730 0 0 0 0 211 319 0 0 0 0 195 0 620 0 0 724 77 0 215 919 0 856 0 418 0 500 499 0 0 907 0 298 659 0 971 106 0 0 0 0 0 0 0 0 433 778 904 0 810 469 0 759 684 0 0 0 0 0 903 0 79 103 0 529 736 0 104 553 291 0 119 922 0 462 673 0 0 376 671 413 0 282 739 575 25
166 799 0 0 30 418 0 0 445 0 0 0 0 0 0 0 940 65 0 0 0 123 0 0 996 195 817 620 986 442 0 0 0 215 919 812 856 0 418 978 500 499 344 68 907 0 0 659 567 0 0 0 915 0 905 779 168 0 0 0 778 0 427 810 0 0 0 0 0 0 184 94 0 903 796 79 103 175 0 736 119 0 0 0 0 0 0 733 0 0 0 0 0 671 413 712 0 739 575 25
166 0 0 0 30 0 0 331 0 414 352 0 0 281 730 218 0 0 0 211 319 0 0 0 996 0 0 0 0 442 0 77 0 0 919 0 856 0 418 0 500 499 344 68 0 0 298 659 0 0 0 0 915 873 905 0 0 122 119 433 0 904 427 810 0 0 0 684 848 0 0 0 16 903 796 0 0 0 529 0 119 0 0 291 441 119 0 0 0 0 0 0 0 671 413 712 0 0 575 25
0 0 143 0 30 418 0 331 445 0 0 928 930 0 0 218 0 65 0 0 319 0 0 659 996 0 0 620 0 442 724 77 631 0 0 812 856 817 418 978 0 0 344 68 0 0 0 0 0 971 106 544 915 873 0 0 0 0 0 433 778 904 427 810 469 0 759 0 0 312 0 0 0 0 0 0 103 175 529 0 119 104 553 291 441 0 0 0 0 0 0 0 376 671 413 712 282 0 0 0
166 0 143 0 30 0 854 331 0 414 0 0 0 281 0 218 940 65 989 0 0 123 585 0 996 0 817 0 986 442 724 0 0 215 0 0 856 817 0 0 500 0 344 68 0 0 298 0 567 0 0 0 0 0 0 779 168 0 119 0 0 0 0 810 469 0 759 684 0 0 184 94 0 903 796 79 0 175 529 0 119 104 553 0 441 119 0 0 0 0 289 0 376 671 0 712 0 0 575 0
0 799 143 75 0 0 854 331 445 0 0 0 0 0 730 218 940 0 0 0 319 0 585 0 0 195 0 0 986 442 0 77 0 215 0 812 856 817 418 0 500 0 344 68 0 0 298 0 567 0 106 544 0 0 905 0 168 0 0 433 778 904 0 0 0 0 0 0 0 312 0 0 0 0 796 0 103 0 529 0 119 0 553 0 441 0 922 0 462 673 289 664 376 671 413 0 0 739 0 25
166 0 143 75 30 418 0 0 0 414 352 928 930 281 0 218 940 65 989 0 319 0 0 659 0 0 0 0 986 0 0 77 0 215 919 0 0 817 0 0 500 499 0 0 907 222 298 659 567 0 106 544 0 0 0 779 168 0 0 433 778 0 427 810 0 679 759 684 0 312 0 0 0 0 0 0 0 0 0 0 0 104 0 0 0 119 0 733 462 673 289 664 376 0 413 0 0 739 575 0
166 799 143 75 30 0 0 0 0 414 0 0 0 0 0 218 0 0 989 211 0 123 0 0 0 195 0 620 986 442 0 0 631 0 0 0 856 0 418 0 500 0 0 0 907 0 298 0 0 971 0 544 915 873 905 779 0 122 119 433 0 904 427 810 469 679 759 684 0 0 0 0 16 0 796 79 103 175 0 0 119 0 553 291 441 119 922 733 462 0 289 0 0 0 413 712 282 739 0 25
0 799 143 0 30 0 854 0 445 0 0 0 0 281 0 0 0 65 0 211 0 0 0 0 0 0 817 620 0 442 0 0 631 0 0 812 0 817 0 978 0 499 0 0 907 222 0 0 0 0 0 544 915 873 905 779 168 0 0 0 0 904 0 810 0 0 0 0 0 0 184 94 16 903 796 79 103 175 0 736 119 104 553 0 441 119 922 733 462 0 0 664 376 0 0 712 282 739 575 0
0 799 0 0 0 0 0 0 0 414 0 0 0 281 730 0 940 65 0 0 0 123 585 0 996 195 817 0 0 442 0 0 0 215 0 812 856 817 418 0 0 0 344 0 0 0 0 659 567 0 106 0 915 0 0 0 0 0 119 0 778 904 427 810 0 679 0 684 848 312 184 0 16 903 0 79 0 175 529 0 119 104 0 0 441 119 0 0 462 0 289 0 376 671 0 712 282 0 0 0
0 0 0 75 0 0 854 0 445 414 0 928 0 281 0 218 0 0 989 211 0 123 585 0 0 0 0 0 0 0 724 77 631 0 919 812 856 817 418 0 0 499 0 0 0 0 0 659 567 0 106 0 0 873 0 779 0 0 0 0 778 0 0 0 0 679 0 684 848 0 184 0 16 903 796 0 103 175 529 736 119 0 0 0 0 0 922 0 0 673 289 0 0 671 0 0 282 739 575 25
0 0 0 75 0 418 0 331 445 414 0 928 930 281 730 0 940 0 989 0 319 0 0 0 0 0 817 0 0 0 724 77 631 215 0 0 0 817 0 0 0 499 344 0 907 0 0 0 0 0 106 544 915 0 0 0 168 122 0 433 0 904 427 810 469 0 759 684 0 0 0 0 16 903 0 79 0 0 529 736 0 0 0 291 0 0 922 0 0 673 289 664 0 0 413 712 0 739 0 25
166 0 143 0 0 418 0 0 0 414 0 0 0 281 730 0 0 0 989 211 0 0 0 0 996 195 817 0 0 442 0 77 0 0 919 812 0 0 0 978 0 0 344 68 0 0 0 659 567 971 106 544 0 873 0 779 0 122 0 0 0 904 427 0 469 679 759 0 0 312 0 94 0 903 796 79 0 175 0 736 0 0 553 0 441 119 922 0 0 0 0 664 0 0 413 712 282 739 0 0
166 0 0 75 0 0 0 0 0 414 352 928 930 0 0 218 940 0 989 0 319 123 0 0 0 195 817 0 986 442 724 77 631 0 919 812 0 0 418 0 500 499 344 0 0 0 0 659 567 0 106 0 0 0 905 779 0 0 0 433 778 904 0 0 0 0 0 684 848 312 184 94 16 903 796 0 0 0 529 736 119 104 0 291 441 0 0 733 462 673 0 0 376 671 413 0 282 0 0 25
166 799 0 75 30 418 0 331 0 0 0 0 0 281 0 218 0 65 989 0 0 0 585 659 996 195 817 620 986 442 724 77 0 215 0 812 0 0 418 0 500 499 344 68 0 222 298 0 567 0 106 544 915 873 0 0 168 0 119 433 0 904 0 0 0 0 759 684 848 312 184 0 16 0 796 0 103 0 529 0 119 0 0 291 441 119 922 0 462 673 0 664 376 671 413 712 0 739 0 25
166 799 143 75 0 0 0 331 0 0 0 928 930 281 730 0 0 0 989 0 0 0 585 659 996 0 817 0 986 0 0 77 0 215 919 812 0 0 0 0 500 499 344 68 0 0 298 0 0 0 106 0 0 873 905 779 0 122 0 0 778 904 427 810 0 0 0 684 0 0 184 0 16 903 0 0 103 175 529 736 119 0 0 0 441 119 922 733 0 673 289 664 0 0 0 0 282 0 0 0
166 0 0 75 30 0 854 0 445 414 0 0 930 281 730 0 0 0 0 211 0 123 585 659 996 195 0 0 0 442 724 77 631 0 0 812 856 817 0 978 0 499 0 68 0 0 298 659 567 0 106 544 915 873 0 779 168 122 119 0 0 0 427 810 0 0 0 0 0 0 0 0 16 0 796 79 103 0 529 0 0 104 0 0 0 0 0 733 462 0 0 0 376 0 413 712 0 739 575 0
166 799 143 75 0 0 854 331 0 0 0 0 0 281 730 218 0 0 0 0 0 0 585 659 996 195 0 0 0 0 724 77 0 0 0 812 0 0 0 0 0 0 0 0 907 222 0 659 567 971 106 0 915 873 0 0 0 122 119 0 778 904 427 810 0 679 0 684 0 0 184 0 0 0 0 0 0 0 529 736 0 104 553 291 441 119 922 0 462 0 289 664 376 0 0 0 282 0 575 0
0 799 0 75 30 418 0 331 445 0 0 0 0 281 0 218 940 65 0 211 319 0 0 659 0 195 0 0 0 442 0 0 631 215 0 0 0 817 0 0 0 0 0 0 0 0 0 0 0 0 106 544 915 873 0 779 168 122 0 433 778 0 427 0 469 679 0 684 848 312 184 94 0 903 796 79 0 0 0 0 119 104 0 0 0 0 922 733 0 0 289 664 376 0 0 712 282 0 0 25
166 0 143 0 30 418 0 0 445 414 352 928 930 0 0 0 940 0 989 211 0 123 585 0 996 0 817 620 986 442 724 0 0 215 919 812 0 817 418 0 500 499 344 68 0 222 0 0 567 971 106 544 915 873 905 779 168 0 0 433 778 904 427 0 469 0 759 0 848 0 0 0 16 903 796 0 0 0 0 0 0 0 0 0 0 119 0 0 0 0 289 664 376 671 0 0 0 739 575 0
166 799 0 75 0 418 854 0 445 414 0 0 0 281 0 0 940 0 0 0 319 0 585 659 0 0 817 0 986 0 724 77 0 215 919 0 856 0 0 0 0 499 344 68 0 222 298 659 567 0 106 0 0 873 0 779 0 0 0 0 0 904 0 0 469 679 759 684 0 312 184 0 0 903 796 0 103 0 529 736 119 104 0 291 0 119 922 0 462 673 0 664 0 0 413 712 0 739 0 25
166 799 143 0 0 0 854 0 0 414 0 0 930 0 0 218 940 65 989 0 0 123 0 659 0 195 817 0 986 0 0 0 631 215 0 0 856 817 0 0 500 0 344 68 907 0 0 659 567 0 0 0 915 873 905 779 168 122 119 0 0 0 427 810 0 679 759 0 0 0 184 94 0 903 796 0 0 175 0 736 0 104 0 291 441 0 0 0 0 0 289 664 0 671 413 712 282 0 0 25
0 0 143 0 0 418 854 0 0 414 0 0 0 0 730 218 940 65 0 0 319 123 0 659 0 0 0 0 986 442 724 0 0 215 919 0 856 817 418 0 0 499 344 0 0 0 298 659 0 971 0 0 0 873 0 0 0 0 0 0 0 904 0 810 469 679 0 684 0 312 184 0 0 0 796 0 0 175 0 736 0 0 0 0 441 119 0 733 462 673 289 664 376 0 413 0 0 0 0 25
166 799 143 75 30 418 854 331 445 0 0 0 930 281 0 0 940 0 0 0 319 123 0 659 996 195 817 0 986 442 724 0 0 215 0 0 0 817 418 978 500 0 344 0 907 0 298 0 0 971 0 544 915 0 0 0 168 0 0 433 778 0 427 810 469 679 0 684 0 0 184 94 0 0 0 0 103 175 0 736 0 0 553 0 441 119 922 0 462 673 289 664 376 0 0 712 0 0 0 25
0 0 0 0 30 418 0 331 0 414 352 928 930 0 730 218 940 65 0 211 0 0 0 659 0 0 817 620 986 0 0 77 0 215 919 0 856 817 418 978 0 499 0 68 0 0 0 0 567 971 106 544 915 873 905 0 0 122 0 0 778 904 0 0 0 679 759 684 0 0 0 0 0 0 796 79 103 175 529 0 119 104 0 291 441 0 0 733 462 673 0 0 0 671 0 712 0 0 0 25
0 799 143 0 0 418 854 331 0 0 0 0 0 281 730 0 0 65 989 0 319 0 585 0 0 195 817 0 986 442 724 77 631 0 919 0 0 0 418 978 500 0 344 68 907 0 0 659 567 0 106 0 0 873 905 0 0 122 0 433 778 0 0 810 469 0 759 0 0 312 184 0 0 0 796 0 103 0 0 0 119 0 0 0 0 0 0 733 462 673 0 0 0 671 413 712 0 739 0 0
12.1, 10.83, 12.16, 12.53, 13.26, 13.65, 9.71, 13.17, 10.19, 12.97, 10.64, 12.33, 10.13, 11.6, 10.32, 8.84, 12.89, 8.01, 13.86, 16.74, 23.4, 18.22, 18.71, 19.52, 17.95, 24.53, 19.46, 19.26, 24.29, 21.37, 23.43, 15.64, 17.96, 15.9, 20.83, 20.59, 20.94, 19.12, 17.45, 16.54, 25.78, 20.55, 25.65, 16.21, 14.11, 15.95, 18.99, 15.71, 21.17, 14.6, 24.2, 18.18, 21.8, 18.01, 24.65, 22.92, 14.33, 17.42, 14.46, 19.73, 20.27, 21.76, 23.81, 20.74, 19.35, 25.77, 24.62, 24.44, 18.26, 24.54, 14.88, 25.37, 21.17, 19.06, 24.6, 19.55, 16.14, 21.67, 24.48, 15.47, 26.6, 31.29, 26.13, 31.5, 32.75, 27.12, 28.31, 26.95, 26.26, 31.16, 27.0, 31.76, 27.16, 32.11, 28.33, 29.43, 26.86, 27.65, 27.35, 34.05
18.68, 16.85, 19.09, 19.01, 19.17, 16.94, 16.24, 18.83, 19.31, 18.92, 19.67, 19.55, 18.43, 17.74, 20.47, 18.87, 17.72, 16.7, 18.81, 29.0, 26.37, 26.96, 29.09, 27.49, 28.18, 26.07, 28.12, 26.86, 25.35, 26.24, 26.28, 27.19, 27.96, 26.15, 27.14, 26.02, 25.68, 27.57, 26.84, 27.86, 25.15, 26.85, 26.09, 26.76, 26.11, 27.01, 27.18, 27.93, 27.85, 27.9, 28.6, 26.84, 27.57, 26.84, 28.55, 25.84, 26.89, 27.68, 27.48, 26.24, 26.61, 25.75, 25.34, 26.11, 26.84, 26.53, 27.24, 25.24, 28.14, 27.98, 26.84, 26.35, 27.38, 27.7, 27.58, 26.63, 28.37, 25.8, 26.39, 27.46, 29.5, 27.04, 28.31, 28.24, 28.34, 27.26, 28.08, 26.49, 27.03, 27.79, 28.4, 28.48, 28.3, 26.49, 28.33, 26.0, 27.02, 26.0, 26.49, 28.08
29.38,11.61,20.04,33.39,19.67,16.09,23.79,10.12,19.84,16.35,19.44,24.88,15.19,23.65,13.91,15.9,31.85,22.47,24.9,26.23,13.32,8.89,9.31,20.04,30.53,28.03,20.41,31.28,18.39,18.98,19.84,23.66,13.9,20.63,15.02,10.1,20.84,11.48,12.03,15.68,10.69,31.34,32.61,17.95,33.08,33.87,18.96,12.67,33.38,22.26,26.2,10.2,23.57,
