100
0 0 543 785 648 146 322 951 189 751 460 142 206 676 0 416 452 0 252 0 166 858 157 89 894 0 752 402 449 161 145 150 0 493 617 448 57 6 223 851 268 599 609 0 192 754 0 328 5 997 439 998 198 112 251 681 578 417 729 575 0 590 224 104 737 0 951 960 745 435 176 0 763 919 907 816 201 51 479 591 98 951 164 922 129 0 784 765 673 117 851 618 837 171 11 0 270 825 934 129
878 468 0 785 648 146 322 951 189 0 460 142 206 676 139 0 452 623 0 465 166 858 157 89 894 301 752 0 449 0 145 150 515 0 0 448 57 6 223 851 268 599 609 0 192 754 243 328 5 997 439 998 198 112 251 681 0 0 729 575 578 590 224 104 737 613 951 960 745 435 176 436 0 919 0 816 201 51 0 591 98 951 0 0 129 663 784 765 673 117 851 618 837 171 11 324 270 0 934 129
878 468 543 0 648 146 322 951 189 0 460 142 206 676 139 416 452 623 0 465 166 858 157 89 894 0 752 402 449 161 145 150 515 493 617 0 57 0 223 851 268 599 609 992 192 0 243 328 5 997 439 998 198 0 0 681 578 417 0 575 0 590 0 104 737 613 951 960 745 435 176 436 0 919 907 816 201 0 0 591 98 951 164 922 129 663 784 0 673 117 851 618 837 171 0 324 270 825 934 0
0 468 543 785 648 146 322 951 189 0 460 0 206 0 139 416 452 0 252 0 0 858 0 89 894 301 752 0 449 0 145 150 515 493 617 0 57 0 223 851 268 599 609 992 192 754 243 0 0 997 439 998 198 0 251 681 578 417 729 0 578 590 224 104 0 0 951 0 745 435 176 436 763 919 0 816 201 51 0 591 98 951 164 922 129 663 784 765 673 117 851 618 837 0 11 324 270 825 0 0
878 468 543 0 648 146 322 951 189 751 460 142 206 676 139 416 452 623 252 465 166 858 157 89 894 301 0 402 449 161 145 150 515 0 617 448 57 0 223 851 268 599 609 992 192 754 243 328 5 997 439 998 198 112 251 681 578 417 0 575 578 0 224 0 0 613 951 960 745 435 176 0 763 919 907 816 201 51 479 591 0 951 164 922 129 0 0 0 673 117 851 618 0 171 11 324 270 825 934 129
878 468 543 0 648 146 322 951 189 751 460 142 206 0 139 416 452 0 0 465 166 858 157 89 894 301 752 402 449 161 145 150 515 493 617 448 0 6 0 851 0 599 609 992 192 754 243 328 5 997 0 998 198 112 251 681 578 417 0 575 578 590 224 104 737 0 951 960 745 435 0 0 763 919 907 816 201 51 479 0 98 951 0 922 0 663 784 765 673 117 851 618 837 171 11 0 270 825 934 129
0 468 0 785 648 146 322 951 189 751 460 0 0 676 139 416 452 0 252 465 166 858 0 89 894 301 752 402 449 161 145 150 515 493 0 448 57 6 223 851 0 599 0 0 192 754 243 328 5 997 439 998 198 112 0 681 578 417 729 575 578 0 224 104 737 613 951 0 0 435 176 0 0 919 907 816 201 51 479 591 98 951 164 922 129 663 784 765 673 0 851 618 837 0 11 0 270 0 0 0
878 468 543 785 648 146 322 951 189 751 460 142 206 676 139 416 452 0 252 465 166 858 0 0 894 0 752 402 449 0 145 150 515 493 617 448 57 6 223 851 268 599 609 992 0 754 243 328 5 0 439 998 198 112 0 0 578 417 729 575 578 590 224 0 0 613 0 960 0 435 0 436 763 919 907 816 0 51 0 591 98 951 164 922 129 663 784 0 0 0 0 0 837 171 0 324 270 825 934 129
878 0 543 785 648 146 322 951 189 751 460 142 206 676 0 416 452 0 252 465 166 858 157 0 0 0 752 402 449 0 145 0 515 493 617 448 57 6 0 0 268 599 609 0 192 754 243 328 0 997 0 998 198 0 251 681 578 417 729 575 578 590 224 104 737 613 951 960 745 435 176 0 763 919 907 816 201 51 479 591 98 0 164 922 129 663 784 765 673 0 851 618 0 171 0 324 270 825 934 0
878 468 543 785 0 0 322 0 189 751 460 0 206 676 139 0 452 623 252 465 166 858 157 89 894 301 0 402 449 0 0 150 515 493 617 448 0 0 223 0 268 599 0 992 192 0 243 328 5 997 439 998 198 112 0 681 578 417 729 575 0 590 224 104 737 613 951 0 745 435 176 436 763 919 907 816 201 51 479 591 98 0 164 0 129 0 784 765 0 117 851 618 837 171 11 324 0 825 934 129
878 468 543 785 648 146 0 951 0 751 0 142 206 0 139 416 452 0 252 465 166 858 157 89 894 301 752 402 449 161 145 150 515 0 0 448 57 6 223 0 268 599 609 0 192 754 243 328 5 997 439 998 198 0 251 681 578 0 729 575 578 590 224 0 0 0 951 960 0 435 176 436 763 0 907 816 0 51 479 591 0 951 164 0 0 0 784 765 673 0 851 618 837 171 11 324 0 825 934 129
0 468 543 785 648 146 0 0 189 751 460 142 0 0 139 416 452 623 252 465 166 858 157 89 894 301 752 402 0 161 145 150 515 493 617 448 57 6 0 851 0 599 609 992 0 754 0 0 5 997 439 998 198 112 251 681 578 0 729 575 578 590 224 104 737 613 951 960 0 435 176 436 763 919 907 816 201 0 479 591 98 951 164 922 129 663 784 0 673 117 851 618 837 171 11 324 270 825 0 0
878 468 543 785 648 146 322 951 189 751 0 142 206 676 139 416 0 623 0 465 166 858 0 89 894 301 752 402 0 161 145 0 515 493 617 448 0 6 223 0 268 599 609 0 192 754 243 0 5 997 439 998 198 112 251 681 578 417 729 575 578 590 224 0 737 0 951 960 745 435 176 436 763 0 0 816 201 51 479 0 98 951 164 922 129 663 784 765 0 117 851 618 837 171 0 324 270 825 0 129
878 468 543 785 648 146 0 951 189 751 460 142 0 0 139 416 452 623 0 465 166 0 157 89 0 301 752 402 449 0 145 0 515 493 617 448 57 6 223 0 268 599 609 992 192 754 243 328 5 997 439 998 198 112 251 681 0 417 729 575 578 590 224 104 737 613 951 960 745 0 176 436 763 919 907 816 201 51 0 591 98 951 0 0 129 663 784 0 673 117 851 618 837 171 11 324 270 825 0 129
0 0 543 785 648 0 322 951 189 0 460 142 206 0 0 416 452 623 252 0 166 858 157 89 894 301 752 0 449 161 145 150 515 493 0 448 0 6 223 851 268 599 609 992 192 754 243 0 5 0 439 998 198 112 251 0 578 417 729 575 0 590 224 104 737 613 951 0 745 435 0 436 763 919 907 816 201 51 479 591 98 951 164 0 0 0 784 765 0 117 851 0 837 0 11 324 270 825 934 129
878 0 0 785 648 146 322 0 189 0 460 142 206 676 139 416 452 623 252 465 166 0 157 89 894 0 752 402 449 161 145 0 0 493 617 448 57 6 223 851 268 599 609 0 192 754 243 328 0 997 439 998 198 112 251 0 0 417 0 575 578 590 0 0 737 613 0 960 0 435 176 436 763 919 907 816 201 51 479 591 98 951 164 922 129 0 784 765 0 117 851 0 837 171 0 0 270 825 934 0
0 468 543 785 648 146 322 951 0 751 460 142 0 676 139 0 452 623 252 465 166 858 0 89 894 301 0 402 449 161 145 0 515 0 0 448 57 0 223 851 268 0 609 992 192 754 243 0 5 0 439 998 198 0 251 681 0 417 729 0 0 590 224 104 737 613 0 0 745 0 176 436 763 919 907 816 0 51 479 591 98 951 164 0 0 663 0 765 0 117 0 618 837 171 11 324 270 825 934 129
878 468 0 785 648 146 322 951 189 751 460 142 206 0 139 0 452 0 0 465 0 858 157 89 894 301 0 0 449 161 145 150 515 0 617 448 57 0 223 851 268 0 609 0 0 0 243 328 0 997 0 998 198 112 251 681 0 417 729 575 578 590 224 104 0 613 0 960 745 435 176 436 763 919 907 816 201 51 479 591 0 951 164 0 129 663 784 765 673 117 851 618 0 171 11 324 270 0 0 129
878 0 543 785 648 146 322 951 0 751 460 142 206 0 139 0 452 623 252 465 0 858 0 89 894 301 752 402 449 0 145 0 515 0 617 448 0 6 223 851 268 599 0 0 0 0 243 328 5 997 0 998 198 112 251 0 578 417 729 575 578 590 224 104 737 613 951 960 745 435 0 436 763 919 907 816 201 51 479 591 98 0 164 922 129 0 0 765 673 0 0 618 0 171 11 324 270 825 934 129
878 468 543 785 0 146 322 951 189 751 460 142 0 0 139 416 0 0 252 465 166 858 157 0 894 301 752 0 449 161 145 0 0 493 617 448 57 6 223 851 268 0 609 992 192 754 243 328 5 997 0 998 198 112 0 681 0 417 729 0 0 590 224 104 737 0 0 0 0 0 176 436 0 919 0 816 201 0 479 591 0 951 164 922 0 663 784 765 0 117 851 618 837 171 11 324 0 0 934 129
878 468 0 785 648 146 322 951 0 751 460 142 206 676 139 0 452 623 252 0 166 858 157 89 894 301 752 402 449 161 145 150 0 493 617 448 0 6 223 851 268 599 0 992 192 0 243 328 0 997 439 998 198 112 251 0 578 417 729 575 0 0 0 104 737 613 951 0 745 435 176 436 763 919 907 0 201 51 479 0 98 951 0 0 0 663 0 765 673 117 0 0 0 171 11 324 270 825 934 129
878 0 543 785 0 146 322 951 189 751 460 0 206 676 139 416 0 0 252 465 166 0 157 89 0 0 752 402 0 161 145 150 0 493 617 448 0 6 0 851 268 0 609 992 192 754 0 328 5 997 0 998 0 112 0 681 578 417 0 575 578 0 224 104 737 613 0 0 745 435 176 0 763 919 907 0 201 51 479 591 98 951 164 922 129 663 784 0 673 117 851 618 837 171 11 324 270 0 934 129
878 468 543 0 648 146 322 951 189 751 460 0 206 0 0 416 0 0 252 0 0 858 157 89 894 301 0 402 449 161 145 0 515 493 617 448 57 6 0 851 268 599 609 992 192 754 243 328 0 997 439 0 0 112 251 681 578 0 0 575 578 0 224 104 737 613 951 960 0 435 0 436 763 919 0 816 201 51 479 591 98 951 164 922 129 663 784 0 673 117 0 0 0 0 11 324 270 825 934 129
878 0 543 785 648 146 322 951 0 751 460 0 206 676 0 416 452 623 252 465 166 0 0 0 894 0 0 402 449 161 145 150 515 0 617 448 57 6 223 0 268 599 609 992 192 754 243 328 5 0 439 998 198 112 251 681 0 417 729 575 0 590 224 104 737 0 951 960 745 435 176 436 0 919 907 816 201 0 479 591 98 951 164 922 129 663 784 765 673 117 851 618 0 171 11 324 0 825 934 129
878 468 543 785 648 146 322 951 189 751 460 0 206 676 0 416 452 0 252 465 166 858 157 89 894 0 752 402 449 161 145 150 515 493 0 448 57 6 223 851 268 599 0 992 192 754 243 0 0 997 439 998 198 112 251 0 578 417 729 575 578 590 224 0 0 613 951 960 745 435 0 436 763 0 907 816 201 51 0 591 98 951 164 922 129 663 784 765 673 0 851 618 837 171 11 324 270 825 934 129
878 0 543 785 648 146 322 951 189 751 460 142 206 676 139 416 0 623 252 0 166 0 157 89 0 301 752 402 449 161 145 150 515 493 617 448 57 6 0 851 0 599 609 992 192 754 243 328 5 0 439 998 198 0 251 681 578 0 729 575 578 590 224 104 737 613 951 960 745 435 176 436 0 919 907 816 0 51 479 0 98 0 164 0 129 663 784 765 673 117 851 618 0 171 0 324 270 825 934 129
878 468 543 785 648 0 322 951 189 0 460 142 206 0 139 416 452 0 252 465 166 858 157 0 894 0 752 402 0 161 145 0 515 0 617 448 57 6 0 851 0 599 0 992 192 754 243 328 0 997 439 998 198 112 0 0 578 417 729 575 0 590 0 104 737 0 951 960 745 435 176 436 0 919 907 816 201 0 479 591 98 0 0 922 129 663 784 765 673 117 851 618 837 171 11 324 270 0 934 129
878 468 543 785 648 146 322 951 189 751 460 142 0 676 139 0 452 0 252 465 166 858 157 89 894 301 752 402 449 161 145 150 0 0 0 0 57 6 223 851 268 599 609 0 0 754 243 328 5 997 439 998 198 112 251 681 578 417 729 575 0 590 224 104 737 0 951 0 745 435 176 436 0 919 907 816 0 51 479 0 98 951 164 0 129 663 784 765 673 117 851 618 837 171 0 324 270 825 0 0
878 468 543 785 648 0 322 951 189 751 460 142 206 676 139 416 452 623 252 465 166 858 157 0 894 0 752 402 449 161 145 150 0 493 617 448 57 6 223 851 268 599 609 992 192 754 0 0 0 997 439 998 198 112 251 681 578 417 729 575 0 590 224 0 737 613 951 0 745 435 176 436 763 919 907 0 0 51 479 591 0 951 164 922 129 663 784 765 673 117 851 0 837 171 11 324 270 825 934 0
878 0 0 785 648 146 322 0 189 751 0 142 206 0 139 416 452 0 252 465 166 858 0 89 894 301 752 402 449 161 145 150 515 0 617 448 57 6 223 851 268 599 609 992 0 0 243 328 5 997 439 0 198 112 251 0 578 417 729 575 578 0 224 104 737 613 951 960 745 435 0 436 763 919 907 816 0 51 479 591 98 951 164 922 129 663 784 765 673 117 851 618 837 171 0 324 270 825 934 129
878 468 543 785 648 146 322 951 189 751 460 142 206 676 0 0 452 0 0 465 166 0 157 0 0 301 752 402 449 161 0 0 515 493 617 448 57 6 223 0 268 0 609 992 192 754 0 0 5 997 439 0 198 112 251 681 578 417 0 575 0 0 224 0 0 613 0 960 745 435 176 0 763 919 0 816 201 51 479 591 98 951 164 922 0 0 784 765 0 117 0 618 837 0 11 324 270 825 934 0
878 468 543 785 648 0 0 951 189 751 460 142 0 676 0 416 452 0 0 465 166 858 157 0 894 301 0 402 449 0 145 150 515 0 617 0 57 6 223 851 268 599 609 992 192 754 0 328 5 997 439 998 198 112 0 681 578 417 0 575 578 590 0 104 0 613 951 960 745 435 176 436 0 0 907 816 201 0 479 591 98 0 164 0 129 663 784 765 673 117 851 618 837 171 11 324 270 825 0 0
878 0 543 0 648 146 322 0 189 0 460 142 206 676 139 0 452 623 0 465 166 858 157 0 0 301 752 0 449 161 145 0 515 493 617 448 57 0 0 851 0 599 609 0 192 754 243 328 5 997 439 998 198 112 251 681 578 417 729 575 578 590 224 104 737 613 951 960 745 435 176 0 0 919 907 816 201 0 479 0 98 951 164 922 129 663 784 765 673 117 851 0 837 171 11 324 270 825 0 0
878 468 543 0 648 146 322 0 189 0 460 0 206 676 0 416 452 623 252 465 0 858 157 0 894 301 752 402 449 0 145 0 515 493 617 448 0 6 223 851 268 599 609 0 192 754 243 0 5 997 439 998 0 112 251 681 578 0 729 575 0 590 0 104 737 0 951 960 745 0 176 436 763 0 907 816 201 0 479 591 98 951 164 922 129 663 784 0 673 0 0 0 837 0 0 324 270 0 934 129
878 468 543 785 648 146 0 951 189 751 460 0 206 676 139 416 452 623 252 0 166 858 157 89 0 301 0 402 449 161 145 150 515 493 617 0 0 6 223 851 268 599 609 992 0 754 243 328 5 997 0 998 198 112 251 681 578 417 0 575 578 590 224 104 737 613 951 960 745 435 176 436 763 919 0 816 201 51 479 0 98 951 164 922 0 663 784 0 673 117 851 618 0 0 0 324 270 825 934 129
878 468 543 785 648 146 322 951 189 751 460 0 0 0 139 416 0 623 0 465 166 0 157 89 894 301 752 402 449 0 145 150 0 493 617 448 57 6 223 851 0 599 609 992 192 754 243 328 5 997 439 998 198 112 251 681 578 0 729 575 0 590 0 104 737 0 951 960 0 435 0 436 763 919 0 816 201 51 479 591 98 951 164 922 129 663 784 765 673 117 851 618 837 171 11 324 270 825 934 129
878 468 543 0 648 146 322 951 189 751 460 0 206 676 139 0 452 623 252 465 166 858 0 89 894 301 752 402 449 161 145 150 515 0 617 448 57 6 223 0 268 599 609 992 192 0 0 328 5 0 439 998 198 112 251 0 578 417 729 575 578 590 224 104 737 0 951 960 745 435 176 436 0 919 907 816 201 51 479 591 98 0 164 922 129 663 784 765 673 117 0 618 837 171 0 0 270 825 934 129
878 468 543 785 648 146 322 0 189 751 460 142 206 676 139 0 452 0 252 465 166 858 0 0 894 301 0 0 0 0 0 150 515 493 617 0 57 6 223 0 268 599 609 992 192 754 243 328 5 997 439 998 198 112 0 681 0 417 729 575 578 590 224 104 737 613 951 960 0 435 176 436 0 919 907 0 0 51 479 0 98 0 164 922 0 663 784 765 673 117 851 0 837 0 11 324 270 825 934 129
878 468 0 785 0 0 322 951 189 751 460 142 206 676 139 416 452 0 252 0 0 858 157 89 894 301 0 402 0 161 145 150 515 493 617 0 57 6 223 851 268 599 609 992 192 754 243 328 5 997 439 998 198 112 251 681 578 0 729 575 578 590 224 104 737 613 951 960 0 435 176 436 763 919 907 816 201 51 479 591 98 951 164 922 129 663 784 765 673 117 851 618 837 171 11 324 270 825 0 129
878 468 543 785 648 146 322 951 189 751 0 142 206 676 0 416 452 623 252 465 166 858 0 89 894 301 752 402 449 0 145 150 515 493 617 448 57 6 223 851 268 599 0 992 192 0 243 328 5 997 0 998 198 112 251 681 578 417 729 0 578 590 224 104 737 613 951 960 745 435 176 436 0 919 907 816 201 51 479 591 98 951 164 922 0 663 784 765 673 117 0 618 837 171 11 0 270 825 934 129
878 468 0 785 648 146 322 951 189 751 460 142 206 676 139 416 452 623 0 465 0 858 157 89 894 301 752 402 0 161 145 150 515 493 617 0 57 6 223 0 268 599 0 0 192 754 243 328 5 997 439 998 0 112 251 681 578 417 729 575 578 590 0 0 737 613 0 0 0 435 176 436 763 919 907 816 201 51 479 591 98 951 0 922 0 663 784 0 673 117 851 0 837 171 11 324 270 825 934 0
0 468 543 785 648 0 322 951 0 751 460 142 206 676 139 416 452 623 252 465 166 858 157 0 894 0 0 402 449 161 145 150 515 493 617 448 57 6 223 851 268 599 609 992 192 754 243 328 5 997 439 998 198 0 251 681 578 417 729 575 578 590 224 104 737 0 951 960 745 435 176 436 0 919 907 816 201 51 479 591 98 951 164 922 129 0 784 765 0 0 0 618 837 0 11 324 270 825 934 0
878 468 543 0 0 146 322 951 189 751 460 142 206 676 139 416 0 623 252 465 166 0 157 89 0 301 752 402 449 161 145 0 515 493 617 0 57 6 223 851 268 599 609 992 192 754 243 0 5 0 439 998 0 112 251 0 578 0 729 575 578 590 0 0 737 613 0 960 745 0 0 436 763 919 907 816 0 51 479 591 0 0 164 922 129 663 784 765 673 117 851 618 837 171 11 324 270 825 934 129
878 468 543 0 648 146 322 951 189 751 460 142 0 676 139 416 452 623 252 465 166 858 157 0 894 301 752 402 449 161 145 150 515 493 0 448 57 6 0 0 268 0 0 992 192 754 0 328 5 997 439 998 198 112 251 681 578 417 729 0 578 590 224 0 737 0 0 960 745 0 176 436 0 0 907 0 201 51 479 591 0 0 164 922 129 663 0 765 673 117 851 618 837 171 11 0 270 825 934 129
878 468 543 785 648 146 322 951 189 751 460 142 206 676 139 0 452 623 252 0 166 858 0 0 894 301 752 402 449 161 145 150 515 0 617 448 0 6 223 0 268 599 609 992 0 754 243 0 0 997 439 998 198 112 0 681 578 0 729 575 578 590 224 104 737 613 0 0 745 435 176 436 763 919 907 816 0 51 479 591 98 0 164 922 129 663 784 0 673 0 851 618 837 171 11 0 270 0 0 129
878 468 543 785 648 146 322 951 189 751 0 0 206 676 139 0 452 623 252 465 166 858 0 89 0 301 0 402 449 161 145 150 515 493 617 448 57 0 0 851 268 599 609 992 0 0 243 328 5 997 439 998 0 112 0 681 578 0 729 575 578 590 224 104 737 613 951 960 0 0 176 436 0 919 907 816 0 51 479 0 98 951 164 0 0 663 784 765 673 0 851 618 0 171 11 324 270 0 934 0
878 468 543 0 0 146 322 951 189 751 0 0 206 676 0 416 452 623 252 0 166 0 157 89 894 301 752 402 449 161 145 0 515 493 617 448 57 0 0 851 268 599 609 0 192 754 243 328 5 997 0 998 198 112 251 681 0 417 729 575 578 590 224 104 737 613 0 960 745 435 176 0 763 919 907 816 201 51 479 591 98 951 164 922 0 663 784 765 673 117 851 0 837 171 11 324 0 825 934 0
878 0 543 785 648 146 322 0 189 751 460 0 206 0 139 416 452 623 0 0 166 858 157 89 894 0 752 402 449 161 145 150 0 493 617 0 57 0 223 851 268 599 0 992 192 754 243 328 5 0 0 0 198 112 251 0 0 417 729 575 578 0 224 104 737 613 951 960 745 435 176 436 763 919 907 816 201 51 479 591 98 951 164 0 129 663 784 765 673 117 851 618 837 171 11 0 0 825 934 129
878 468 543 0 0 146 322 951 189 751 0 142 206 676 0 416 0 623 252 465 0 858 157 0 894 301 0 402 449 161 145 150 515 493 617 0 57 6 223 851 268 599 609 992 192 0 243 328 5 997 439 998 198 112 0 0 578 417 729 575 0 0 224 104 737 613 951 960 0 435 176 436 763 919 907 816 201 0 0 0 98 951 164 922 0 0 784 765 673 117 851 618 837 171 11 324 270 825 934 129
878 0 543 785 648 146 322 0 189 751 460 142 0 676 0 416 0 623 252 0 166 858 0 89 894 301 0 402 449 161 145 0 515 493 0 448 57 0 0 851 268 599 609 992 192 754 243 328 5 997 439 0 198 112 251 681 578 417 0 0 0 590 224 104 737 613 0 960 745 435 0 436 763 919 0 816 201 51 0 591 0 951 164 922 129 663 0 765 673 117 851 618 837 171 11 324 0 0 934 0
878 468 0 785 0 146 0 951 189 751 460 142 206 0 139 416 452 623 252 465 166 858 0 89 0 301 752 402 449 161 145 150 515 493 617 448 57 6 223 851 0 599 609 992 192 754 243 328 5 997 439 998 198 112 251 681 578 417 729 575 578 590 224 104 737 613 951 960 745 0 176 436 763 919 0 816 201 51 0 591 98 951 164 0 0 663 784 765 673 117 851 618 0 171 11 0 0 825 0 129
878 468 543 785 648 0 322 951 189 751 460 0 206 676 0 416 452 0 0 465 166 858 157 0 894 301 0 0 449 0 145 150 515 493 617 448 57 6 0 851 0 0 0 992 192 754 243 328 5 0 439 998 198 0 251 681 578 417 729 0 578 0 224 104 737 613 951 960 745 435 0 436 763 919 907 816 201 51 0 591 98 951 164 0 0 0 784 0 673 117 851 618 837 171 11 324 270 0 934 129
878 468 0 785 0 146 322 951 189 751 460 0 206 0 139 416 452 623 252 465 0 0 157 89 894 0 752 402 449 161 145 150 515 493 0 448 57 6 223 851 0 599 609 992 192 754 243 328 5 997 0 0 0 112 251 681 578 0 0 575 0 590 224 104 737 0 951 960 745 0 176 436 763 919 0 816 201 0 479 591 98 0 164 922 0 0 0 765 673 0 851 618 837 171 0 324 270 825 934 129
878 468 543 0 648 146 322 951 189 0 460 142 206 0 139 0 452 623 252 465 166 858 157 89 894 301 752 402 0 0 145 150 515 493 617 448 57 0 223 0 0 599 0 992 192 754 0 328 5 997 439 998 0 112 251 681 578 417 729 0 578 0 224 104 737 613 951 960 745 435 0 436 763 919 907 0 0 51 479 591 0 0 0 0 129 663 784 765 673 117 851 618 837 171 11 0 270 825 0 129
878 0 543 0 0 0 322 951 189 751 460 142 206 676 0 416 452 623 252 0 166 0 0 0 894 301 752 402 449 161 0 150 515 493 617 448 57 0 223 851 268 599 609 992 192 0 0 328 5 997 439 0 198 112 251 681 578 417 729 575 578 0 224 0 0 0 951 960 745 435 176 436 763 919 0 816 0 51 479 0 98 951 164 0 129 663 784 765 673 117 851 0 837 171 11 324 270 825 934 129
878 468 543 785 648 146 322 951 189 751 460 142 206 0 0 416 452 623 0 465 166 858 157 89 894 301 752 402 449 161 145 0 515 493 617 0 0 0 223 851 268 599 609 0 192 754 0 328 5 997 439 998 198 112 251 0 578 417 729 0 578 590 224 0 0 0 951 960 745 435 176 436 763 919 907 0 201 51 479 0 0 951 164 0 129 663 0 765 0 117 851 618 837 171 11 324 0 0 934 129
878 0 543 785 648 146 322 951 189 751 460 0 206 0 139 416 0 623 252 465 166 858 157 0 894 301 0 402 0 161 145 0 515 493 617 448 57 6 0 851 268 599 609 992 192 754 243 0 0 997 439 998 198 112 0 681 578 417 729 575 0 590 224 104 737 0 951 960 745 435 176 436 763 0 0 816 201 51 479 591 0 951 164 922 129 663 784 765 673 117 851 618 837 0 11 0 270 825 934 129
878 468 543 785 648 146 322 951 0 751 460 142 206 676 0 416 0 0 252 465 166 858 0 89 894 301 752 0 0 0 145 150 515 0 617 0 57 6 223 851 268 599 609 992 192 754 243 328 5 997 439 998 198 112 251 681 578 417 0 575 0 590 224 104 0 0 951 0 0 435 0 436 763 0 907 816 201 51 479 591 98 951 0 922 0 663 784 765 673 117 851 618 837 171 11 324 270 825 934 129
878 468 543 785 648 0 322 951 189 751 0 142 206 0 139 416 452 623 252 465 166 858 157 89 894 301 752 402 449 161 145 150 515 493 617 448 0 6 223 851 268 0 0 0 192 0 243 0 5 997 439 0 198 112 251 0 578 417 0 575 578 590 224 104 737 613 951 960 0 435 176 436 763 919 907 816 0 51 479 591 98 951 164 922 0 663 784 765 673 117 851 618 837 171 11 324 270 825 0 129
878 468 543 0 648 146 0 951 189 0 460 142 0 676 139 416 452 623 252 465 166 858 157 0 894 301 752 402 449 161 0 150 515 493 0 448 57 6 223 851 0 599 609 992 0 754 0 328 5 0 0 998 198 112 251 681 578 0 729 575 578 590 224 104 0 613 951 0 745 435 176 0 763 919 0 816 201 0 479 591 0 0 164 922 129 0 784 0 673 117 851 618 837 171 11 324 0 825 934 129
878 468 543 785 0 146 322 951 189 751 460 142 206 676 0 416 452 0 252 465 166 858 157 89 894 301 0 0 449 161 145 150 515 0 617 448 0 6 223 851 268 599 609 992 192 0 243 328 5 997 439 998 198 0 251 681 578 417 729 575 578 0 224 0 737 613 951 960 0 435 176 436 763 919 907 816 201 51 479 0 98 951 0 922 129 663 784 765 673 117 851 0 837 171 11 0 270 825 934 0
878 468 0 785 648 146 322 0 189 0 460 142 206 676 139 416 452 0 252 465 166 858 157 89 894 0 752 0 0 161 145 150 515 493 617 448 57 6 223 0 268 599 609 0 192 754 243 328 5 997 0 998 198 112 0 681 0 0 729 575 578 590 224 104 737 0 951 960 745 435 176 436 0 919 907 816 201 51 479 591 0 951 164 0 129 663 784 0 673 117 851 618 837 171 0 0 270 825 934 129
878 468 543 0 648 146 322 0 189 751 460 142 206 676 0 0 452 623 252 0 166 858 157 89 0 301 752 402 449 161 145 0 515 493 617 448 57 0 223 851 268 599 609 992 192 754 243 328 5 997 439 998 0 112 251 0 578 417 729 0 0 590 224 104 737 613 951 960 745 435 176 436 0 919 907 816 201 51 479 591 98 951 164 922 129 663 0 765 673 0 851 618 837 171 11 0 270 825 934 0
878 0 543 785 648 146 322 0 189 751 460 142 0 676 139 416 452 623 252 465 166 858 157 0 894 301 752 402 0 161 0 150 515 493 0 448 0 6 0 0 0 0 0 992 192 754 0 0 5 0 0 998 198 112 251 681 578 417 729 575 0 590 224 104 737 613 951 0 745 0 176 436 763 0 907 816 201 51 479 591 98 951 164 922 129 663 784 0 673 117 851 618 837 171 0 0 270 0 934 129
878 468 543 785 648 146 322 951 189 751 460 142 0 0 139 416 452 623 252 0 166 858 157 0 0 301 752 402 449 0 0 150 515 493 617 448 57 6 0 0 268 599 609 992 192 754 243 0 0 997 439 0 198 112 251 681 578 417 729 575 578 0 224 0 0 613 951 0 745 435 176 436 0 919 907 816 201 51 479 591 98 951 164 0 129 663 784 765 673 117 851 618 837 171 11 324 270 0 934 129
878 468 543 785 648 146 322 951 0 751 460 0 206 0 139 416 452 623 252 465 166 0 157 89 894 301 752 0 449 161 145 150 515 493 617 448 57 0 0 851 268 599 609 992 192 0 243 328 5 997 439 998 198 112 251 681 0 0 0 0 578 590 224 104 737 0 951 960 745 435 0 0 763 919 907 816 201 51 479 591 0 951 164 922 129 663 784 765 673 0 851 618 0 171 11 324 0 825 934 129
878 468 543 785 0 146 322 951 189 751 460 142 206 676 139 416 0 623 252 465 166 858 157 89 894 301 752 402 449 161 0 150 0 493 617 448 0 6 223 0 268 599 0 992 192 754 243 328 5 997 439 998 198 112 251 0 578 0 729 575 578 0 0 0 737 0 951 0 745 435 176 0 0 919 0 816 201 51 479 0 98 951 164 0 0 0 784 765 0 0 851 618 837 171 11 0 0 825 0 0
878 468 0 785 648 146 0 951 189 0 460 142 206 676 139 416 452 623 252 465 0 858 157 0 894 301 752 402 449 161 145 150 515 493 0 448 57 6 0 851 0 599 609 992 192 754 243 0 5 997 439 998 198 112 251 681 0 0 729 575 578 590 224 104 737 613 951 960 745 0 176 436 763 0 907 816 201 0 479 591 98 951 0 922 129 663 784 0 673 117 0 618 0 171 11 324 0 825 934 129
878 468 0 785 0 146 322 0 189 751 460 142 206 676 0 416 0 623 0 465 166 858 0 89 0 0 0 402 449 161 145 0 0 493 617 448 57 6 223 0 268 0 609 992 192 754 243 328 0 997 439 0 198 0 251 0 578 417 0 575 578 590 224 0 737 613 951 960 745 435 0 436 0 919 907 816 201 51 479 591 98 951 164 922 129 663 784 0 673 117 851 618 837 171 0 324 270 0 0 0
878 468 0 0 648 146 322 951 189 751 0 0 0 676 139 416 452 623 252 465 166 0 157 89 894 301 752 402 0 161 0 150 515 493 617 448 0 0 223 851 0 599 609 992 0 754 243 0 5 997 439 998 198 112 251 681 578 0 729 575 578 590 0 104 737 613 951 960 745 435 176 436 763 919 907 816 201 51 479 0 98 951 164 0 129 663 784 765 673 117 851 618 837 0 0 324 270 825 0 129
878 468 543 785 648 146 322 951 189 0 0 142 0 676 139 416 452 623 252 465 166 0 157 89 894 301 752 0 449 161 0 150 515 493 617 448 57 6 223 0 268 599 609 992 0 754 243 328 0 0 439 998 198 112 251 681 578 417 0 575 578 590 224 104 737 613 0 960 745 435 176 436 763 919 907 0 201 51 479 591 98 951 164 922 129 663 0 0 673 117 851 618 837 171 11 0 270 825 934 0
878 468 543 785 648 146 322 951 189 751 460 142 206 676 139 416 452 623 252 465 166 0 157 89 894 0 752 402 0 161 145 150 515 0 617 448 57 6 223 851 268 599 609 992 0 754 243 328 5 997 439 0 0 112 251 681 578 417 0 575 0 590 224 104 737 0 951 960 0 435 176 436 763 919 907 0 201 0 479 591 98 951 164 0 129 663 784 765 673 117 851 618 837 171 11 0 270 825 934 0
878 468 0 785 648 0 322 951 189 751 0 142 206 676 139 416 0 0 252 465 0 858 157 89 894 0 0 0 0 161 145 150 515 493 617 0 57 6 223 851 268 599 609 992 192 754 243 328 5 997 0 0 198 112 251 681 578 0 729 575 578 590 224 0 737 0 951 960 0 435 176 436 763 919 907 816 0 0 479 591 98 951 164 922 129 0 784 765 673 117 851 618 837 0 11 324 0 825 0 129
878 468 543 785 0 146 322 951 189 751 460 142 206 676 139 416 452 623 0 465 0 858 157 89 894 0 752 402 449 161 145 0 515 493 0 0 57 6 223 851 268 599 609 992 192 754 243 328 0 997 439 998 198 112 251 681 578 417 729 0 0 590 224 0 737 613 951 960 745 435 176 0 763 0 907 816 201 51 479 0 98 0 164 922 129 663 0 765 673 117 851 0 837 171 11 324 270 825 934 129
878 468 543 785 0 146 322 951 189 751 460 142 206 676 139 0 452 623 252 465 166 858 157 89 894 301 752 402 449 161 145 0 515 493 617 448 57 6 223 851 268 599 609 992 0 754 243 0 5 0 0 998 198 0 251 681 578 417 729 575 578 590 224 0 737 613 951 960 745 435 176 0 763 919 907 0 201 51 479 591 0 951 164 922 129 663 784 765 673 0 851 618 837 171 11 0 270 825 0 0
0 468 543 785 648 146 322 0 189 0 460 142 206 676 0 416 452 0 0 465 166 858 157 89 894 301 752 0 449 161 145 150 515 493 0 448 57 6 223 851 268 599 609 992 192 754 243 0 5 997 439 998 198 112 0 0 0 417 729 575 0 590 224 104 0 0 951 0 745 435 176 0 763 919 0 816 201 51 0 591 0 951 164 0 129 0 784 765 673 117 0 618 837 171 11 324 270 825 934 129
878 468 543 785 648 146 0 951 189 751 460 142 206 676 139 0 0 623 0 465 0 0 157 0 894 301 752 402 449 161 145 0 515 493 617 448 0 0 0 0 0 599 609 992 0 754 243 328 5 997 0 998 198 112 251 681 578 0 729 0 0 590 224 104 737 613 951 960 745 435 176 436 763 919 907 816 201 51 479 0 98 951 164 922 129 0 784 765 673 117 0 618 0 171 0 324 0 825 934 129
878 468 543 785 648 146 0 0 189 751 460 0 206 676 139 416 452 623 252 465 166 858 157 89 894 301 752 402 449 161 145 150 515 493 617 448 0 6 223 851 268 0 609 992 192 754 243 328 5 997 439 0 198 112 251 681 578 417 0 575 578 590 0 104 737 613 0 0 745 0 0 436 763 919 0 816 201 51 479 591 98 951 164 922 129 663 0 765 673 117 851 618 837 171 11 324 270 0 934 129
0 468 543 785 648 146 0 951 189 751 0 142 206 676 139 416 452 623 252 465 166 0 0 89 894 301 752 0 449 161 145 150 515 493 0 448 0 0 223 851 268 599 609 992 192 754 243 0 5 997 439 998 198 0 251 681 578 417 729 575 578 0 0 104 737 613 951 960 745 0 176 0 763 919 0 816 0 51 479 591 98 951 164 0 129 663 0 765 673 117 851 618 837 171 0 0 0 825 934 129
878 0 543 785 0 146 322 951 189 0 460 0 206 676 0 416 452 623 0 465 166 858 157 89 894 301 752 402 449 161 145 150 0 493 617 0 57 6 223 851 0 599 609 992 0 754 243 328 5 0 439 998 0 0 251 0 578 417 729 0 578 590 0 0 737 613 951 960 745 435 0 0 763 919 907 0 201 0 479 591 98 0 164 922 129 663 784 765 673 117 851 618 837 171 0 324 0 825 0 0
878 468 543 785 0 146 322 951 189 751 460 142 206 676 139 416 452 623 252 465 0 858 157 89 894 301 752 402 449 0 0 150 0 493 0 448 57 6 223 851 268 599 609 992 192 754 243 328 5 997 439 0 198 112 251 0 578 417 0 575 578 590 224 104 737 613 951 960 745 435 176 436 763 0 907 816 201 0 479 591 0 951 164 922 129 0 784 765 673 117 851 618 837 171 11 324 270 825 934 129
878 0 543 785 0 0 322 951 0 751 0 142 206 676 0 416 452 623 252 465 166 858 157 89 894 301 0 0 449 161 145 150 515 493 617 0 57 6 223 851 268 599 609 992 0 754 243 328 5 997 0 998 198 0 251 681 578 0 729 575 0 0 224 104 0 613 951 960 745 435 176 0 763 919 907 816 0 51 479 591 98 0 164 922 129 663 784 765 0 117 0 618 837 171 11 324 270 825 934 129
878 468 543 785 648 146 322 951 189 751 460 142 206 0 139 416 0 623 252 465 166 858 157 89 894 301 752 0 0 161 145 150 515 493 617 448 0 6 223 851 268 599 609 992 0 754 243 328 5 997 439 998 198 0 251 0 0 417 729 575 578 0 224 104 737 613 0 960 745 435 176 436 0 919 907 816 0 51 0 591 98 0 0 922 0 663 784 765 673 117 851 618 0 171 11 324 270 825 934 129
878 468 543 785 0 146 322 951 189 751 460 142 206 676 139 416 452 0 252 0 166 858 157 89 0 301 752 402 449 161 145 150 515 493 617 0 57 6 223 851 268 0 0 992 192 754 243 328 5 997 439 998 198 0 0 681 578 417 729 575 0 590 224 0 737 613 951 960 745 435 176 436 0 919 0 0 201 51 479 591 0 951 164 922 129 0 0 765 673 0 851 618 837 171 11 324 270 0 934 129
878 468 0 785 0 146 322 0 189 751 460 142 206 0 0 416 452 623 252 465 0 0 157 89 894 0 752 0 0 161 145 150 515 493 617 448 57 6 223 851 268 599 0 992 192 0 0 328 5 0 439 998 198 112 251 681 578 417 729 0 0 590 224 104 737 0 951 960 745 0 176 436 763 0 0 816 201 51 479 591 98 951 164 0 129 0 0 765 673 117 851 618 837 171 11 324 270 0 934 129
0 468 543 785 0 0 322 951 189 751 0 0 206 676 139 416 452 623 0 465 166 0 157 89 894 301 752 402 449 0 145 150 515 493 617 448 57 0 0 0 268 599 0 992 192 754 243 328 5 0 439 998 0 112 251 681 578 0 0 575 0 590 224 104 737 613 0 960 745 0 176 436 763 0 907 816 201 51 0 0 98 0 164 922 129 663 0 765 673 117 851 618 837 171 11 0 270 825 934 129
878 468 543 785 648 146 322 951 189 751 0 142 206 676 0 0 0 0 252 465 0 858 157 89 894 301 752 402 449 161 145 150 515 493 0 448 57 0 223 851 0 599 609 992 0 754 243 328 5 997 439 998 198 0 251 681 0 417 729 575 578 0 224 104 737 613 951 960 0 435 176 0 763 0 907 816 201 51 479 591 0 951 164 0 129 663 784 765 673 117 851 618 0 171 11 0 270 825 934 129
878 468 543 785 648 146 322 951 189 751 460 142 206 676 139 416 452 623 252 465 0 858 157 89 894 301 752 402 449 161 145 150 515 493 617 448 57 6 223 851 268 599 609 992 192 754 243 328 5 997 439 998 198 112 251 681 578 417 729 575 578 590 224 104 0 613 951 0 0 435 176 436 763 919 0 816 201 51 479 591 98 0 164 922 129 663 784 0 0 117 851 0 837 171 11 0 270 825 934 129
0 468 0 785 648 146 322 951 189 751 460 0 0 676 139 416 452 623 252 0 166 0 0 89 894 301 752 402 449 161 0 150 0 493 617 448 57 6 223 851 268 599 609 992 192 754 243 328 0 997 439 0 198 112 251 681 0 417 0 575 578 590 0 0 737 613 951 960 745 435 0 436 763 919 907 0 201 0 479 591 98 0 164 922 129 663 784 765 0 117 851 0 837 171 11 324 270 0 934 129
878 0 543 785 648 146 322 0 189 751 460 0 0 676 139 416 0 623 252 465 0 858 0 89 894 301 0 402 449 161 145 150 515 0 617 448 57 6 223 0 0 0 609 992 0 754 243 328 5 997 439 0 198 0 0 681 578 417 729 575 578 590 224 0 737 613 951 960 745 435 176 436 763 919 0 0 201 51 479 0 98 0 164 922 129 0 784 765 673 0 851 618 0 171 11 0 270 0 934 0
878 468 543 785 648 146 322 0 0 0 460 142 206 0 139 416 452 0 252 465 0 0 0 89 894 301 752 402 449 161 0 0 515 493 617 448 57 6 223 851 268 599 0 992 0 754 243 328 5 997 0 998 0 112 0 0 578 417 729 575 0 590 224 104 737 613 951 0 745 435 176 436 763 919 907 816 0 0 479 591 0 951 164 0 129 0 784 765 0 117 851 618 0 171 11 324 270 825 934 129
0 468 543 0 648 146 322 951 189 751 0 142 206 676 139 416 0 0 252 465 166 858 157 0 0 301 752 402 449 161 0 150 515 493 0 0 57 6 0 851 0 599 0 992 0 754 243 328 0 997 439 0 198 112 0 681 578 0 729 575 578 0 224 104 737 613 951 960 745 0 176 436 763 919 907 816 201 51 479 591 98 951 164 922 129 663 784 765 673 117 851 618 837 171 11 324 270 825 934 0
878 468 543 785 648 146 322 951 189 751 460 142 0 676 139 416 452 623 0 465 166 0 157 89 0 301 752 402 449 0 145 150 515 493 617 448 57 6 223 851 0 599 609 992 192 0 243 328 5 0 439 998 198 112 251 681 0 417 729 575 578 590 224 104 737 613 951 960 745 0 176 436 763 919 907 816 0 51 479 591 0 951 164 922 0 663 784 765 673 117 0 618 837 171 11 324 270 825 0 129
878 468 543 785 648 146 322 951 189 0 0 142 206 676 0 416 452 623 0 465 166 858 157 0 894 301 752 402 449 161 145 150 0 0 617 448 57 0 223 851 0 599 609 992 192 754 243 328 0 997 439 998 198 112 251 681 578 417 729 575 578 590 224 104 737 613 951 960 745 0 176 436 763 919 0 816 0 51 0 0 98 0 0 922 129 663 784 765 673 0 0 618 837 0 11 0 270 825 934 129
878 0 543 785 648 0 322 0 189 751 460 142 206 676 139 0 452 0 0 465 0 858 157 89 894 301 0 402 0 0 0 150 0 493 0 0 57 0 223 851 268 599 0 992 192 754 0 328 5 997 439 998 0 0 0 681 578 417 729 575 578 590 0 104 737 0 951 960 745 435 0 436 763 0 0 816 201 0 479 591 0 951 164 922 129 663 784 765 0 117 851 618 837 0 0 324 0 825 934 129
0 468 543 785 648 146 322 951 189 751 460 142 0 0 139 416 452 623 0 465 166 858 0 89 894 301 752 402 0 161 145 150 515 493 0 448 57 6 223 0 268 599 609 992 0 0 243 328 5 0 0 998 198 112 251 681 578 0 0 0 578 590 224 0 737 613 0 960 745 435 176 436 0 919 0 816 201 0 479 591 0 951 0 0 129 663 784 0 673 117 851 618 837 171 0 324 270 825 934 129
878 0 543 785 648 146 0 0 189 751 0 142 206 676 139 416 452 623 0 465 166 858 157 89 0 301 752 402 449 161 145 150 0 493 617 448 57 0 223 851 268 599 0 0 192 0 243 328 5 997 439 998 198 112 251 681 578 417 729 0 0 0 224 104 737 613 951 960 745 435 176 436 763 919 907 816 201 51 479 591 98 951 164 922 0 663 784 765 673 117 851 618 837 171 11 324 0 825 934 0
878 468 543 785 0 0 322 0 189 751 460 142 206 676 139 416 452 623 252 465 166 0 157 89 894 0 0 0 449 0 0 150 515 493 617 448 57 6 223 851 0 599 0 992 192 0 243 328 5 997 439 0 198 112 251 681 578 417 729 575 578 590 224 104 737 613 951 960 745 435 176 436 763 919 907 816 201 51 479 591 98 951 0 922 129 663 784 765 673 117 851 618 837 171 0 0 0 0 934 0
878 468 543 785 0 146 322 0 189 751 460 142 206 676 139 0 452 623 0 465 166 858 157 89 894 301 752 402 449 0 145 150 515 493 617 448 57 0 0 851 268 599 609 992 192 754 243 328 0 997 439 998 198 112 251 681 578 417 729 575 578 590 224 104 737 613 951 960 745 435 0 436 763 919 0 0 201 51 479 591 98 951 164 922 0 0 784 765 0 117 851 618 837 171 11 0 270 825 934 0
878 468 543 785 648 146 322 951 0 751 460 142 206 676 139 416 452 623 252 465 0 858 157 89 894 301 752 402 449 0 145 150 515 493 617 448 57 0 223 851 268 599 609 0 192 754 243 328 5 997 439 0 198 112 0 681 0 417 729 575 578 590 224 0 0 613 0 960 745 435 176 0 763 919 907 816 201 0 479 591 0 0 0 922 129 663 0 0 673 0 851 618 837 171 11 324 270 825 934 129
20.79, 14.43, 21.91, 17.69, 17.13, 17.85, 22.17, 24.62, 16.54, 14.43, 25.75, 30.46, 29.19, 26.72, 26.64, 20.44, 13.55, 19.06, 24.87, 13.88, 21.27, 22.22, 13.88, 21.2, 18.22, 25.57, 24.12, 19.41, 19.22, 16.74, 29.21, 26.53, 24.5, 25.81, 13.0, 11.54, 19.81, 29.49, 10.99, 23.52, 16.92, 10.24, 17.5, 13.74, 18.5, 27.07, 21.7, 25.03, 17.43, 20.86, 9.57, 24.63, 27.86, 15.15, 15.04, 25.24, 14.93, 25.81, 10.74, 14.4, 23.09, 28.0, 13.05, 18.77, 19.05, 16.43, 31.01, 20.35, 21.96, 10.6, 25.55, 14.7, 30.34, 27.59, 17.5, 23.22, 33.03, 27.7, 16.69, 13.25, 22.64, 11.51, 24.41, 20.01, 23.59, 19.36, 7.53, 21.41, 21.53, 34.82, 17.49, 31.16, 16.31, 9.57, 13.94, 21.08, 14.56, 16.92, 10.48, 25.78
28.22, 25.58, 25.5, 26.37, 28.71, 27.38, 28.01, 26.47, 27.42, 25.5, 27.22, 26.58, 29.04, 28.6, 27.19, 24.87, 19.92, 25.98, 29.12, 19.5, 28.86, 25.5, 20.26, 29.07, 25.83, 27.98, 28.77, 28.47, 25.5, 26.01, 27.62, 30.13, 25.5, 26.89, 19.21, 17.98, 25.5, 29.2, 17.82, 25.64, 25.64, 19.03, 27.21, 19.72, 27.75, 28.54, 26.26, 26.83, 25.5, 25.64, 20.55, 28.23, 27.64, 27.24, 26.35, 28.22, 28.94, 26.96, 19.03, 27.61, 27.97, 25.76, 18.88, 28.35, 25.5, 26.23, 28.53, 27.58, 25.71, 18.28, 28.92, 25.96, 28.26, 30.24, 26.25, 28.53, 26.41, 28.1, 25.64, 20.02, 28.0, 18.39, 27.16, 25.5, 27.44, 25.64, 16.75, 25.2, 26.65, 28.36, 27.96, 28.99, 27.95, 16.59, 17.71, 25.47, 26.17, 25.79, 16.59, 27.13
34.82,34.82,34.82,34.82,34.82,34.82,34.82,34.82,34.82,34.82,34.82,34.82,34.82,34.82,34.82,34.82,34.82,34.82