100
0 799 143 75 30 418 854 0 0 414 0 928 930 281 730 218 0 65 989 0 0 123 585 659 996 195 817 0 986 442 724 77 0 215 919 812 856 817 0 978 500 0 344 68 0 0 298 659 567 0 0 0 915 0 905 779 168 122 0 433 0 904 427 810 469 0 759 684 848 312 184 94 16 903 796 79 103 0 529 736 119 0 553 291 441 119 0 733 462 673 289 0 376 671 0 712 0 739 0 25
166 799 143 75 30 418 854 0 445 414 352 928 930 281 730 218 940 65 989 211 319 123 585 659 996 195 817 620 986 442 0 77 631 215 919 812 856 0 418 978 500 0 344 0 0 0 0 659 0 971 106 544 0 873 905 779 0 122 119 433 778 904 427 810 469 679 759 684 848 0 184 0 0 903 796 79 103 175 529 736 119 104 553 0 441 119 0 0 0 0 289 664 376 0 413 712 282 739 0 0
0 799 143 75 0 418 854 0 445 414 0 928 930 0 730 218 940 65 989 0 319 123 585 659 996 195 817 620 986 442 0 77 0 0 0 812 856 0 418 978 500 0 344 68 907 222 0 659 567 971 106 544 915 873 905 779 168 122 119 433 778 904 427 810 469 679 759 684 848 0 184 0 16 903 0 0 103 175 529 0 119 104 553 291 0 119 922 733 0 0 0 664 376 671 0 712 0 739 575 25
166 0 143 75 30 0 854 331 0 414 352 0 930 0 0 0 940 0 989 0 319 0 585 0 996 195 817 620 986 442 0 77 0 0 0 812 0 817 0 0 500 499 344 68 907 0 298 659 0 971 106 544 915 0 0 779 168 122 119 0 778 904 427 810 469 0 759 684 848 312 184 94 16 903 796 79 103 175 0 0 119 104 553 291 441 119 0 733 462 0 0 664 0 671 413 712 282 739 575 25
166 799 143 75 30 418 854 331 445 414 352 0 930 281 0 218 940 65 989 211 0 123 585 659 996 195 817 620 0 442 724 0 631 215 0 0 0 0 418 978 500 0 0 68 907 0 298 0 567 971 106 0 915 873 905 0 168 122 0 433 778 904 427 810 469 0 759 684 848 312 184 94 0 903 796 0 103 175 529 736 119 104 553 291 441 119 922 733 0 0 0 664 376 671 413 712 282 739 575 25
166 799 143 0 30 418 854 331 0 414 352 0 0 0 730 218 940 65 989 0 319 123 585 659 996 0 817 620 986 0 724 77 631 0 919 812 0 817 418 978 0 499 344 68 907 222 0 659 567 971 106 544 0 873 905 779 168 0 119 433 778 0 427 810 469 0 759 684 0 0 184 94 0 903 796 79 103 175 0 736 119 104 553 0 441 0 922 0 462 673 289 664 376 671 413 0 282 739 575 25
166 799 143 75 0 0 854 331 445 414 0 0 930 0 730 218 940 65 989 211 319 0 585 659 996 195 817 0 986 442 724 77 631 0 919 812 856 817 418 978 500 499 344 0 907 0 0 0 0 0 106 544 915 873 905 779 168 122 119 433 0 904 427 810 0 679 759 0 0 0 184 94 16 903 796 79 103 175 529 736 119 104 553 291 441 119 922 733 462 673 289 664 376 0 413 712 282 739 575 25
0 799 0 75 30 418 0 0 0 0 352 928 0 0 0 218 940 65 0 211 319 123 585 0 0 195 0 620 986 0 0 77 631 215 919 0 856 0 0 0 500 0 0 0 907 222 298 0 567 971 106 544 915 873 905 779 0 122 119 433 778 904 427 810 469 679 759 684 848 312 184 94 16 903 0 79 103 0 529 736 0 0 0 291 441 119 922 733 0 673 289 664 376 671 0 712 0 0 0 25
0 799 143 75 30 418 854 0 445 0 352 928 930 281 0 218 940 0 989 211 319 123 585 659 0 0 817 620 0 442 0 77 0 215 0 812 0 817 418 0 500 499 344 68 0 222 298 659 0 971 106 544 915 873 905 0 168 0 119 433 778 904 0 0 469 0 759 684 848 312 184 94 16 903 796 0 0 175 529 736 0 104 553 291 441 119 922 0 462 673 289 664 376 671 413 712 282 739 0 0
166 799 143 0 30 0 0 0 445 414 352 0 0 281 730 0 940 65 989 211 0 0 585 659 0 195 0 620 986 442 724 77 0 215 919 812 856 817 418 978 0 0 344 0 907 222 0 659 567 0 106 544 915 0 905 779 168 122 119 433 778 0 427 810 469 679 0 0 848 312 184 94 16 903 0 79 103 175 529 0 0 0 553 291 441 119 922 733 462 673 289 664 0 671 413 0 282 739 0 25
0 799 143 0 0 0 854 331 445 414 0 928 930 0 730 218 940 65 989 0 319 123 585 0 996 0 817 620 986 0 0 77 631 215 919 812 856 817 418 978 500 499 344 68 907 222 298 659 0 0 0 544 915 873 905 779 168 122 119 433 778 904 427 810 469 0 759 684 848 0 184 0 16 903 796 79 0 175 529 736 119 0 553 291 441 119 0 733 0 673 0 664 376 671 413 712 282 0 0 25
166 799 143 75 30 418 854 0 445 414 352 0 930 281 730 0 0 65 0 211 319 123 585 0 996 195 817 620 986 442 724 77 0 215 919 812 0 0 418 0 500 499 344 68 907 222 298 0 567 971 106 544 0 873 0 779 0 0 119 433 778 904 0 810 0 679 759 684 848 312 184 94 0 903 796 79 103 175 529 0 119 104 553 291 441 119 922 733 0 673 289 664 376 0 413 712 282 739 575 25
166 799 143 0 30 418 854 331 0 0 0 928 930 281 730 218 0 65 989 211 319 123 585 659 996 195 0 620 986 442 724 77 631 215 0 812 856 817 418 978 0 499 344 68 0 222 0 0 0 971 106 544 915 873 905 779 168 0 119 433 778 904 427 810 469 679 0 684 848 312 184 94 0 903 796 79 103 175 529 736 119 0 553 291 0 119 0 733 0 673 0 0 376 671 413 712 282 739 575 25
166 799 143 75 30 0 0 331 445 414 352 928 930 281 730 218 940 0 989 0 319 123 0 0 996 0 817 620 0 0 0 77 631 215 919 812 856 817 418 978 500 499 344 0 0 222 298 659 567 971 106 0 0 873 905 0 0 122 119 433 778 0 427 810 469 679 759 0 848 312 184 0 16 903 0 79 0 175 0 736 119 0 0 291 441 119 922 733 462 673 289 0 376 0 413 712 282 0 0 25
166 799 143 75 30 418 854 0 0 414 352 928 0 281 730 218 0 65 989 211 0 123 585 0 996 195 817 620 986 0 724 77 631 215 919 0 856 817 418 0 500 499 344 0 0 222 298 659 567 0 106 544 0 873 905 779 168 0 119 433 778 0 427 810 469 0 0 684 848 312 184 0 16 903 0 79 103 175 0 736 119 104 553 291 0 119 922 0 0 0 289 664 0 671 413 712 282 739 575 25
166 799 143 75 0 0 0 331 0 0 0 928 930 281 730 218 940 65 989 211 0 123 585 659 996 195 0 620 986 0 724 77 631 215 919 0 856 817 418 0 0 499 344 0 0 0 0 0 0 0 106 544 915 0 905 779 168 122 119 433 0 0 427 0 469 679 0 684 848 312 184 94 16 903 796 79 103 175 529 736 119 0 553 291 0 0 922 733 462 673 289 664 376 671 0 712 282 739 575 25
0 799 143 75 30 0 854 331 445 414 352 928 930 281 730 218 940 0 989 211 319 123 0 0 996 195 0 620 986 0 724 77 0 215 0 0 856 817 418 978 500 499 344 68 907 222 0 659 567 971 106 544 915 873 0 779 168 122 0 433 778 904 427 810 469 679 759 684 0 0 184 0 0 903 796 79 0 175 529 736 119 0 553 291 441 119 922 0 462 0 289 664 376 671 0 712 0 739 0 25
166 799 143 75 30 418 854 331 445 414 352 928 930 281 0 218 940 65 989 211 319 123 585 659 996 195 817 620 986 0 0 77 631 0 919 812 856 817 418 978 500 499 344 68 907 0 0 0 0 0 106 0 915 873 905 779 0 0 119 0 778 904 427 810 469 679 759 0 0 312 0 94 16 903 796 79 103 175 529 736 119 104 553 291 0 119 922 0 0 673 289 664 376 671 413 712 0 739 575 25
166 799 143 75 30 418 854 0 445 0 0 928 0 281 730 218 0 65 989 0 0 123 585 659 0 0 0 0 0 442 724 0 631 215 919 812 856 0 418 978 500 499 344 68 907 222 298 659 567 971 0 544 915 0 905 779 168 0 0 0 778 904 0 810 469 0 759 684 848 312 184 0 16 0 796 79 103 175 0 736 119 104 553 291 441 119 0 733 462 673 289 664 376 671 413 712 282 0 575 25
166 799 143 0 30 0 854 0 0 414 352 928 930 281 730 218 0 0 989 211 319 123 585 659 996 195 817 620 986 442 0 77 0 0 919 812 856 817 0 978 500 499 344 68 907 222 298 0 567 971 0 0 0 0 905 0 168 122 119 433 778 904 0 810 469 679 0 684 0 312 184 94 16 0 796 79 103 175 529 0 0 104 553 291 0 119 0 733 462 0 289 664 376 671 0 0 282 739 0 0
166 0 0 75 0 418 854 0 0 414 352 928 930 281 0 0 940 65 989 0 319 123 585 659 996 0 817 620 986 442 724 77 631 215 919 812 856 0 0 978 500 0 344 68 907 222 298 0 567 971 106 544 915 873 0 779 168 122 119 433 778 0 427 810 469 679 0 0 848 312 184 94 0 903 796 79 103 175 529 736 119 0 553 0 441 119 922 0 462 673 289 664 376 0 413 0 282 739 575 25
166 799 143 75 30 418 854 0 445 0 352 928 0 0 730 218 0 65 989 211 319 123 585 659 996 195 817 0 986 0 0 77 631 0 919 812 856 817 418 978 0 499 344 0 0 0 298 0 567 971 106 544 0 873 905 779 0 122 119 433 778 904 427 810 469 0 0 684 0 0 184 0 16 903 796 0 103 175 529 0 119 0 553 291 441 119 0 733 462 673 289 664 376 671 413 712 0 739 0 25
166 0 143 75 30 0 854 0 445 414 352 0 930 281 730 0 0 65 989 211 319 0 585 659 996 195 817 0 986 0 724 77 631 215 919 812 856 817 0 978 500 499 0 68 907 222 298 0 567 971 106 544 915 873 0 779 168 0 119 0 778 904 0 0 469 679 0 684 848 0 184 94 16 903 796 79 103 0 529 736 0 104 0 0 0 119 922 0 462 673 0 664 0 671 413 0 282 739 575 25
0 799 0 75 30 418 854 0 445 414 352 0 930 281 730 0 940 65 989 211 319 123 585 659 996 195 0 620 986 442 724 77 631 215 919 812 856 817 418 978 0 499 344 68 907 222 298 659 567 971 106 544 0 873 905 779 168 122 119 0 778 0 427 810 469 679 0 0 848 312 184 94 16 903 796 79 103 175 529 736 119 104 553 291 0 119 922 733 462 673 289 664 376 671 413 712 282 0 575 25
166 799 143 75 30 418 854 331 445 414 0 928 930 0 730 218 940 65 0 211 319 123 585 659 0 195 817 0 986 442 724 77 631 215 919 0 856 817 418 978 500 499 344 68 907 222 298 659 567 971 106 544 0 873 0 0 168 122 119 433 0 904 427 0 469 679 759 684 848 0 184 0 16 903 0 79 103 175 529 736 119 0 553 291 441 119 922 733 462 673 289 664 376 671 413 712 282 739 575 25
0 799 143 75 30 418 854 331 445 414 0 928 930 281 730 218 940 65 989 0 319 123 585 0 996 0 817 620 986 0 724 77 631 215 919 812 856 817 418 978 0 499 344 68 907 0 298 659 567 971 106 0 915 0 905 779 168 122 0 433 778 904 427 810 469 0 0 684 848 312 0 0 16 0 0 79 0 175 0 0 119 104 553 291 441 0 0 733 462 673 0 0 0 671 413 712 282 0 0 25
166 0 143 75 0 418 854 0 445 414 352 0 930 0 0 0 940 65 989 0 319 123 585 659 996 195 817 0 986 442 724 77 631 215 919 812 856 0 418 978 500 0 344 68 907 222 298 0 567 971 106 544 915 873 905 779 168 0 0 433 778 904 427 810 469 0 759 684 848 312 184 94 16 903 796 79 103 175 0 736 0 104 553 0 441 0 922 0 462 0 289 664 376 671 0 712 282 739 575 25
166 799 143 0 0 418 854 0 445 414 352 928 930 281 730 0 940 65 989 0 319 123 585 659 996 195 817 620 986 442 724 77 631 215 919 0 0 0 0 978 500 499 344 68 907 222 298 0 567 971 106 544 915 873 905 0 0 122 119 433 778 0 427 810 469 679 759 684 0 312 184 94 16 0 796 79 103 175 529 736 119 104 0 0 0 119 922 733 0 0 0 0 376 671 0 712 282 0 0 25
166 799 143 75 30 418 854 331 445 414 352 928 930 281 730 218 940 65 0 211 319 123 585 659 996 195 817 620 986 442 724 77 0 215 919 812 856 817 418 978 0 499 344 68 907 222 298 0 567 971 106 544 915 873 905 779 168 0 119 433 778 904 427 810 469 679 759 684 848 312 184 94 16 903 796 0 103 175 0 0 119 0 553 291 441 0 922 733 462 673 289 664 376 0 413 712 282 739 575 0
0 799 143 0 30 418 854 0 0 414 0 0 930 281 0 218 940 65 989 211 0 123 585 0 0 195 817 0 986 442 724 77 0 0 0 0 856 817 418 978 500 499 0 68 907 0 298 659 567 971 0 0 915 873 905 779 168 122 119 0 778 904 427 0 469 679 759 684 848 312 184 0 16 0 796 79 0 175 529 736 0 0 553 291 441 119 922 0 462 673 289 664 376 671 413 0 0 0 575 25
166 799 143 75 30 418 854 331 445 0 352 928 930 281 0 0 0 65 989 211 319 123 0 659 996 195 817 0 986 442 0 77 631 215 0 0 856 817 0 978 0 499 344 68 0 0 298 659 567 971 106 544 915 873 905 779 168 122 119 0 778 904 0 810 0 679 0 0 848 312 184 94 16 0 796 79 0 0 529 0 119 104 553 0 441 0 922 733 462 673 0 0 376 671 413 712 282 739 0 25
166 799 143 75 0 418 854 331 445 414 0 928 930 281 0 218 940 0 989 0 0 0 585 0 0 195 817 620 0 0 724 77 631 215 919 812 856 817 0 978 500 499 344 68 0 0 0 0 567 0 0 544 915 0 0 779 168 0 119 433 0 904 427 810 469 679 759 0 848 312 0 94 16 903 796 79 103 0 0 0 119 104 553 291 441 119 922 733 462 673 289 664 0 671 0 712 0 739 575 0
166 799 143 75 30 418 854 0 0 414 352 928 930 281 730 218 0 65 989 211 319 123 0 659 0 195 817 620 986 442 724 77 631 0 919 0 856 817 0 978 500 499 344 68 0 222 298 659 567 971 0 0 915 0 905 779 168 122 119 433 778 0 427 810 469 0 759 684 848 312 184 0 16 903 796 79 0 0 529 736 119 104 0 291 441 119 922 733 462 673 289 664 376 671 0 712 0 739 575 25
166 799 143 75 0 418 854 331 445 414 352 928 930 281 730 0 940 65 0 211 319 0 585 659 996 195 817 0 986 0 0 77 631 215 919 812 0 0 418 0 500 0 0 68 907 0 298 0 0 971 106 0 915 873 0 0 0 122 119 433 778 0 0 810 469 0 0 684 848 312 184 94 16 903 0 79 103 0 529 0 119 104 553 291 441 119 922 733 462 0 289 0 376 671 413 712 282 739 575 25
166 799 0 75 30 418 854 331 445 414 352 928 930 281 0 218 940 65 989 211 319 123 585 659 0 0 817 620 986 442 724 77 631 215 919 812 856 817 418 978 500 499 344 68 907 222 0 659 567 971 106 544 0 873 905 779 168 122 0 433 778 904 427 810 469 679 0 684 848 312 184 94 16 903 0 79 0 175 529 736 119 104 553 0 0 119 922 733 462 673 289 0 376 0 0 712 282 739 575 0
166 0 143 75 30 418 854 331 445 0 352 0 930 281 730 218 940 65 989 211 319 123 585 0 996 0 817 620 986 0 724 0 0 0 0 812 856 0 0 0 500 499 344 68 907 222 0 0 0 971 106 544 0 873 0 0 168 122 0 433 0 0 427 810 469 679 759 684 0 0 0 94 16 0 796 0 0 0 529 736 119 104 553 0 441 119 0 733 462 673 289 664 376 0 413 712 282 0 575 25
166 799 143 75 30 418 854 331 0 414 352 928 930 0 730 218 940 65 0 211 319 123 585 659 996 195 817 620 986 442 724 77 631 215 0 812 856 817 418 0 500 499 344 68 907 222 298 659 567 971 106 544 915 873 0 779 168 122 119 0 778 0 427 810 469 679 759 684 848 312 184 94 16 903 796 79 0 175 0 736 119 104 553 291 0 0 922 733 462 673 289 664 376 0 0 712 0 0 575 25
166 799 143 0 0 418 854 331 445 414 352 928 930 0 730 218 0 65 989 211 319 123 585 0 0 0 817 620 0 442 724 77 0 215 0 812 856 0 418 978 0 499 344 68 907 222 298 659 0 971 106 544 915 0 905 779 168 122 0 0 0 904 427 810 469 0 759 684 848 0 184 94 16 903 796 79 103 175 0 736 119 104 553 291 441 119 922 0 0 673 289 664 376 671 413 712 0 0 575 0
166 799 143 75 30 418 854 0 445 414 0 928 930 281 730 218 940 0 989 211 319 123 0 659 996 195 817 620 986 442 0 0 631 215 919 812 856 817 418 978 500 499 0 68 0 0 0 659 0 971 106 0 915 873 905 0 168 122 0 433 778 904 427 810 469 679 759 0 848 312 184 94 16 903 0 79 103 175 0 0 119 104 0 291 441 0 922 733 0 673 289 664 376 671 413 712 0 0 0 25
166 0 143 75 0 0 854 331 0 414 0 0 930 281 0 218 0 65 0 0 319 0 585 659 996 195 817 620 986 442 0 77 631 215 919 812 856 0 418 0 500 499 344 0 907 222 298 0 567 0 106 544 915 873 0 779 0 122 119 433 0 904 427 810 469 679 759 684 848 312 184 94 16 903 796 79 103 0 529 736 119 104 553 291 0 119 0 733 0 0 289 0 376 671 0 712 282 739 575 25
166 0 143 75 30 0 854 0 445 414 352 928 930 281 730 0 0 65 0 211 319 123 0 659 996 195 0 620 986 442 724 0 0 215 919 812 0 817 0 978 500 499 344 68 907 222 298 659 567 971 0 544 915 0 905 779 168 122 0 433 778 0 427 810 469 679 759 0 848 312 0 94 0 903 796 79 103 0 529 736 119 104 553 291 441 119 922 0 462 673 0 664 376 671 413 0 282 739 0 25
0 799 0 75 0 418 854 0 0 414 352 0 930 0 730 0 940 65 989 211 319 123 585 659 996 195 0 620 986 442 0 77 631 215 0 812 856 817 418 0 500 499 0 0 907 222 0 659 567 971 106 544 915 0 905 779 168 122 0 433 778 904 427 810 469 679 0 684 848 0 0 0 16 903 796 79 103 0 0 736 119 104 553 291 441 0 922 733 462 673 289 0 376 671 413 0 282 0 0 25
166 799 0 0 30 0 854 331 445 414 352 928 930 281 730 218 0 0 989 211 0 123 585 659 996 195 817 620 986 442 724 77 631 215 0 812 0 817 418 978 500 499 344 0 907 222 298 659 567 971 106 544 0 0 0 779 0 122 119 0 778 904 427 810 0 679 759 684 848 312 0 94 16 0 796 0 0 175 529 736 119 104 553 0 441 0 922 733 0 673 289 664 0 671 413 712 282 0 0 25
166 799 143 75 30 418 854 0 445 414 352 928 0 0 730 0 0 65 989 0 0 123 585 659 996 195 817 0 986 442 0 77 631 215 919 812 856 817 418 0 500 499 344 68 907 222 298 659 567 971 106 0 915 873 905 779 168 122 119 433 778 904 0 810 469 679 0 684 848 312 0 0 16 903 0 79 0 0 529 0 119 104 553 291 441 0 922 733 462 0 289 0 376 0 413 712 0 739 575 25
166 799 0 75 30 418 0 0 0 414 0 0 0 281 730 0 940 65 0 0 319 123 585 659 996 195 817 0 986 442 724 77 631 215 919 0 0 817 418 978 0 499 0 68 907 222 0 659 567 0 106 544 0 873 905 779 168 122 119 433 778 904 427 810 469 679 759 0 0 312 184 94 0 903 0 0 103 175 529 736 0 104 553 291 441 119 922 733 462 673 289 664 376 671 413 712 0 739 575 25
166 0 143 0 30 0 854 331 445 414 352 928 930 281 0 218 940 65 989 211 319 123 585 659 0 195 817 620 0 442 724 77 0 215 0 812 856 817 418 978 0 499 344 0 907 222 298 659 0 0 0 544 915 873 905 779 0 122 119 433 778 904 0 0 469 679 759 0 848 312 184 94 16 903 796 0 103 175 529 736 119 104 0 291 441 0 0 733 462 0 289 664 0 671 413 712 282 739 0 25
0 799 143 75 30 418 854 0 445 414 352 928 930 281 730 218 940 0 989 0 319 123 585 659 0 195 817 620 986 0 724 77 631 0 0 812 0 817 418 978 500 499 344 0 0 222 298 659 0 971 0 544 915 873 905 779 168 122 0 433 778 904 0 810 469 679 759 684 0 0 184 94 16 0 796 79 103 175 529 736 119 104 553 291 441 119 922 733 462 673 289 664 0 671 413 712 282 739 575 25
166 799 143 75 30 418 854 0 445 414 352 928 930 0 730 218 940 65 989 211 319 0 585 659 0 195 817 620 986 0 724 0 631 215 0 812 856 817 0 0 0 499 0 0 907 222 0 659 567 971 106 0 915 873 905 779 168 122 119 433 778 904 0 810 0 0 759 0 0 312 184 94 0 903 796 79 103 175 529 736 119 104 553 0 441 119 0 733 462 673 289 0 376 671 413 712 282 739 575 25
0 0 143 0 30 0 854 331 445 0 0 928 930 0 730 218 0 65 0 0 0 0 585 0 996 195 817 0 986 442 724 0 631 0 0 812 856 817 418 978 500 499 344 68 907 222 298 659 0 971 106 544 915 873 905 779 168 0 119 433 778 904 427 810 0 679 0 684 848 312 184 94 0 0 796 79 103 175 529 0 0 104 0 0 441 119 0 733 462 673 0 664 0 671 413 712 0 739 575 25
166 799 0 75 30 0 854 331 445 414 352 928 930 281 0 218 940 0 0 0 0 123 585 659 996 0 817 0 986 442 0 0 631 215 919 0 0 817 418 0 500 499 344 68 907 222 0 659 0 971 0 0 915 873 905 0 168 122 119 433 778 904 427 810 469 679 759 0 848 312 184 94 16 0 796 79 103 175 529 736 119 104 553 291 0 0 922 733 462 673 0 0 376 0 413 712 282 739 0 0
166 799 143 75 30 418 854 331 0 414 352 928 930 281 730 218 0 65 989 211 319 0 585 659 996 195 817 620 986 442 724 77 631 0 919 812 856 817 0 0 500 499 0 68 907 222 298 659 0 0 106 544 915 0 905 779 168 122 119 433 778 904 0 0 469 0 759 684 0 0 184 94 16 903 796 0 0 175 529 0 0 104 553 291 0 0 922 733 462 673 289 664 376 671 413 0 282 739 575 0
166 799 0 75 30 418 854 331 445 414 352 928 930 281 730 0 940 65 0 211 0 0 585 659 996 195 817 620 986 442 0 77 631 0 919 812 0 817 418 0 500 499 0 68 907 222 0 659 567 971 106 544 915 873 0 0 0 122 0 0 778 904 0 810 0 0 759 684 848 312 184 0 16 903 796 0 103 0 0 0 119 104 553 291 0 0 0 733 462 673 289 664 376 671 0 712 282 739 575 25
0 799 0 0 30 418 854 331 445 414 352 928 0 281 730 0 940 65 0 211 319 123 0 659 0 195 817 620 986 0 724 77 631 215 919 812 856 817 418 978 500 499 0 68 907 222 0 659 567 971 106 544 915 873 905 0 168 122 119 0 778 0 427 0 469 679 759 0 848 0 184 94 16 0 796 79 103 175 529 736 119 104 553 291 441 119 0 733 462 673 289 664 376 671 0 712 282 739 575 25
166 799 143 75 30 418 854 331 445 414 352 928 930 281 730 218 940 0 0 0 319 123 585 0 996 195 817 620 0 442 724 0 0 0 919 812 856 0 0 978 500 499 344 68 907 222 298 659 567 971 106 0 915 873 905 779 168 0 119 433 778 904 427 810 0 0 759 684 848 312 184 94 0 903 796 79 103 0 0 0 119 104 553 291 441 119 0 733 462 673 289 0 376 671 413 0 282 739 575 25
166 0 143 75 30 418 854 331 445 414 352 0 0 281 730 218 0 65 989 0 319 123 585 659 996 0 817 0 0 442 724 77 631 215 0 812 856 0 418 978 500 499 0 68 907 222 298 659 567 0 106 544 0 873 905 0 168 122 119 433 0 904 0 810 469 679 759 684 848 312 184 94 0 0 796 79 103 175 0 736 0 104 553 0 0 0 922 733 0 673 289 664 376 0 413 712 282 739 0 25
0 0 143 75 30 0 854 0 0 414 352 928 0 281 730 218 940 65 989 211 319 123 585 659 996 195 817 620 986 442 724 77 631 215 919 812 0 0 418 0 500 499 344 0 0 222 298 659 567 971 0 544 915 873 905 0 168 122 119 433 778 904 427 810 469 679 759 0 848 312 184 94 16 903 796 79 103 175 529 736 119 0 553 291 441 119 0 733 0 673 289 664 376 0 413 712 0 739 575 25
0 799 143 75 30 0 854 0 0 0 352 928 930 281 0 0 0 65 0 211 319 123 585 659 996 195 817 620 986 0 724 77 631 0 919 0 856 817 418 978 500 499 344 68 0 222 298 659 567 0 106 544 915 873 905 779 0 122 119 433 778 0 0 810 469 679 0 684 848 0 0 94 16 903 796 79 103 175 529 736 0 104 553 0 441 119 922 733 462 673 0 0 0 671 413 712 282 0 0 25
166 799 143 75 30 418 854 331 0 414 352 928 930 281 730 218 940 65 989 211 319 123 585 659 996 0 0 0 986 442 0 77 631 215 919 812 856 817 418 978 0 499 344 68 907 222 298 659 0 971 106 544 915 0 0 0 168 122 119 0 778 904 427 0 469 679 759 684 848 312 184 94 16 903 796 79 103 175 529 736 119 104 553 291 441 0 922 733 462 673 0 664 376 0 413 712 0 739 0 25
166 799 143 0 30 418 854 0 445 414 352 928 930 281 730 0 0 65 989 211 0 0 0 659 996 195 817 620 986 442 724 77 631 215 919 812 856 817 418 978 0 499 344 68 0 0 298 659 567 971 106 0 915 873 905 779 168 0 119 433 0 904 427 810 469 679 0 0 0 312 0 94 0 0 796 79 103 175 529 736 119 0 553 291 441 119 0 733 462 0 289 664 376 0 413 0 0 739 575 25
166 799 143 75 30 0 854 331 0 0 352 0 930 281 730 218 940 65 989 211 0 0 585 0 996 195 817 0 986 442 724 77 631 215 919 812 0 0 418 0 500 499 344 68 907 222 298 0 0 971 106 544 915 873 0 779 168 122 119 433 778 0 0 0 0 679 0 684 848 312 184 0 16 903 796 79 103 175 529 736 119 104 553 291 0 0 922 0 0 673 289 664 376 671 0 712 282 739 575 25
166 799 0 75 30 418 0 331 445 0 352 0 930 0 0 218 940 65 989 211 0 0 585 659 996 0 817 620 986 442 724 0 631 0 919 0 0 0 418 978 500 499 344 68 907 222 298 659 0 0 106 544 915 873 905 779 168 0 119 433 0 904 427 810 469 679 0 684 848 312 184 0 16 903 796 79 103 175 529 736 0 0 0 291 0 119 922 0 0 0 289 664 0 0 413 712 282 739 575 25
166 0 0 0 30 418 0 331 445 414 352 928 0 281 0 218 940 65 989 211 319 0 585 659 996 195 817 620 986 442 724 0 0 215 919 812 856 817 0 0 500 499 344 68 907 0 298 659 567 971 0 544 915 873 905 779 0 122 119 433 0 904 427 810 469 679 0 0 0 0 184 94 0 903 796 0 103 0 529 736 0 104 0 291 0 0 0 733 462 0 289 0 376 671 413 0 282 739 575 25
166 799 0 75 30 0 854 331 0 0 352 928 930 281 730 218 940 65 989 211 319 123 0 659 996 195 817 0 986 442 724 77 631 215 0 0 856 817 418 0 500 499 0 68 0 222 298 659 0 971 106 0 0 873 905 0 168 0 119 433 0 904 0 0 469 679 759 684 848 312 0 94 0 903 796 79 103 175 0 736 0 104 0 291 441 119 922 733 462 673 289 664 376 0 413 712 282 0 575 25
166 799 143 0 30 418 0 331 445 414 352 928 0 281 0 218 940 65 989 211 319 123 585 659 996 195 817 620 0 0 724 77 0 215 919 0 856 817 418 978 500 499 344 68 907 222 0 0 567 0 106 544 0 0 905 779 168 0 119 433 0 904 427 810 0 679 0 684 848 312 184 94 16 903 796 79 103 175 529 736 0 0 553 291 441 119 922 733 462 673 289 664 376 671 0 712 282 739 0 25
166 0 143 75 30 0 854 331 445 0 352 928 930 281 730 218 940 0 0 211 319 123 585 659 996 195 817 620 986 442 724 0 631 215 919 812 856 0 418 978 500 499 344 0 907 222 298 659 567 0 0 544 0 873 905 779 168 122 0 0 778 904 0 0 469 679 759 684 848 312 0 94 16 903 0 0 103 175 529 736 0 104 553 291 0 119 922 733 0 673 289 664 0 671 0 712 282 739 575 25
166 799 143 75 30 418 854 0 445 414 352 928 0 281 0 0 940 65 989 0 319 0 0 659 996 0 817 0 0 442 724 77 631 215 0 812 856 817 418 0 500 499 0 68 907 222 0 659 567 971 106 544 915 0 905 779 0 122 0 433 778 904 427 0 469 0 759 684 848 312 184 94 16 903 0 79 103 175 0 0 119 104 553 0 441 119 922 733 462 673 289 0 376 671 413 712 282 739 575 0
166 799 0 75 30 418 854 0 0 414 352 928 930 281 730 218 0 0 989 211 319 123 585 659 996 0 817 620 986 442 724 77 631 0 0 812 0 817 0 0 0 499 344 68 0 222 0 659 567 971 106 544 915 873 905 0 168 122 119 433 778 904 427 810 469 679 0 684 0 312 184 94 16 903 0 0 103 175 529 736 119 0 0 0 441 119 922 733 0 0 289 664 376 671 413 0 0 739 575 25
0 799 143 75 30 418 0 331 0 0 0 928 0 281 730 218 0 65 0 211 319 123 585 659 996 195 0 0 0 442 724 77 631 215 0 0 856 817 418 0 500 0 344 68 907 222 298 659 567 0 0 0 915 873 0 779 168 122 0 433 778 904 0 810 469 679 759 684 848 312 184 94 16 903 796 79 103 175 0 736 119 104 553 291 441 119 0 0 0 673 289 0 376 671 413 712 282 739 0 25
166 799 143 75 30 0 854 331 0 414 0 928 0 281 730 218 940 65 0 211 319 123 0 0 0 195 817 620 0 442 724 77 631 215 919 812 856 0 0 978 500 499 344 68 907 222 0 659 567 971 106 0 915 0 905 779 168 122 0 433 778 904 0 810 469 679 759 684 848 312 184 94 16 903 0 79 103 0 529 736 119 104 553 0 441 119 922 733 462 673 289 664 376 0 0 712 282 739 0 25
166 799 143 75 0 418 854 331 445 414 352 928 930 281 730 218 0 65 989 211 319 123 585 659 996 195 817 620 986 442 0 77 631 215 919 812 856 817 0 978 0 499 344 0 907 222 0 659 567 971 0 0 915 873 0 779 168 122 119 433 778 904 427 810 469 0 759 684 0 312 184 94 0 903 796 0 103 175 529 736 119 104 553 291 0 119 922 733 462 673 289 664 0 671 413 0 282 0 0 0
0 799 143 75 30 418 854 0 0 0 352 928 930 0 0 218 940 0 0 211 319 123 585 659 0 195 0 620 986 442 724 77 0 215 919 812 856 0 418 978 500 499 344 0 0 222 298 659 567 971 106 544 915 0 0 0 0 122 119 433 778 0 427 810 469 679 759 0 848 312 184 0 16 903 796 0 103 175 529 736 119 0 0 291 441 119 922 733 462 673 289 664 376 671 413 712 282 739 0 25
166 0 143 75 30 418 854 0 445 414 352 928 930 281 730 0 0 65 0 211 319 123 585 0 996 195 817 0 986 442 724 77 631 215 919 812 856 817 0 978 0 499 344 0 907 222 298 659 567 971 106 544 915 873 905 0 168 122 119 433 0 0 427 0 469 679 0 684 848 312 184 0 16 0 796 0 103 0 529 736 119 104 0 291 441 119 0 0 462 673 289 664 376 671 413 712 0 739 575 25
166 799 143 75 30 0 854 331 0 414 352 928 0 0 0 0 940 65 989 0 319 123 585 659 996 195 817 620 0 442 724 77 0 215 919 812 856 817 418 0 500 0 344 0 907 222 298 659 0 971 106 544 0 873 905 779 0 122 0 0 0 904 427 810 469 679 759 0 848 312 0 94 16 903 796 79 103 175 529 0 119 104 553 291 441 0 922 0 462 0 0 664 0 671 413 712 282 739 0 25
166 799 143 75 30 0 854 0 0 414 352 0 930 281 730 218 940 65 0 0 0 123 585 0 996 195 0 620 986 442 0 0 631 215 919 812 856 817 0 978 500 0 344 68 907 222 0 659 567 971 106 544 0 873 905 779 168 122 0 433 778 904 427 810 0 679 759 0 848 312 184 94 16 903 0 79 103 175 529 736 119 104 553 291 0 0 922 0 462 673 289 0 376 671 413 0 282 739 575 25
166 0 143 75 0 418 854 331 445 414 352 928 930 281 730 218 940 0 0 211 319 0 585 659 996 195 817 620 986 0 0 0 631 215 0 0 0 817 418 978 500 0 344 68 907 222 298 0 0 971 106 0 915 873 905 779 168 122 119 433 778 904 427 810 469 679 759 684 0 312 184 0 16 0 796 79 0 175 529 736 0 104 553 291 0 119 922 733 0 0 289 664 376 671 413 0 282 739 575 25
166 0 143 75 0 0 854 331 445 0 0 928 930 0 730 218 940 65 989 211 0 123 585 659 996 195 0 620 986 0 0 77 631 215 0 812 856 817 418 0 500 499 344 68 0 222 0 659 0 971 0 0 915 873 0 779 168 122 119 433 778 904 0 810 0 0 759 0 0 312 184 94 16 0 796 79 0 175 529 0 119 104 553 291 0 119 922 0 462 0 289 664 376 671 413 712 282 739 0 25
166 799 0 75 30 0 854 331 0 0 352 0 930 281 730 218 0 65 0 211 319 123 0 0 996 195 817 620 986 442 0 77 631 215 919 812 856 817 418 978 0 499 344 68 0 222 298 0 0 971 106 0 915 873 905 0 168 122 119 433 778 904 427 810 0 0 759 684 848 312 184 94 16 0 796 79 103 175 529 736 0 104 553 291 0 119 922 733 0 673 289 664 376 671 413 712 282 0 575 25
166 799 143 0 30 418 0 331 445 0 0 0 930 281 730 218 940 65 989 0 319 123 585 659 996 195 0 620 986 442 724 77 0 0 0 812 856 817 418 978 500 499 344 68 907 222 298 659 567 971 106 0 915 0 905 779 168 0 119 433 778 0 427 810 469 679 759 0 0 0 184 94 16 903 0 79 103 0 529 736 0 104 553 291 441 0 922 733 462 673 289 664 376 671 0 0 282 0 575 25
166 0 0 75 0 418 854 331 445 414 352 0 930 281 0 218 0 65 989 211 319 123 585 659 0 195 0 620 986 442 724 77 631 215 919 812 856 0 418 978 500 499 344 0 0 222 298 659 567 971 0 544 915 0 905 779 168 122 0 433 778 0 0 810 469 679 0 684 848 312 184 94 16 0 796 0 103 175 0 736 119 0 0 0 0 119 0 733 462 673 289 0 376 671 413 0 282 739 575 0
0 799 143 75 30 418 0 0 445 414 352 0 0 281 730 0 940 65 0 211 319 0 585 659 996 195 817 620 0 442 0 0 631 215 919 812 0 817 418 0 500 499 344 0 907 222 0 0 567 971 0 544 915 873 905 0 168 0 119 0 778 904 427 810 469 679 759 684 0 0 184 0 16 903 796 0 103 0 529 736 0 104 0 0 441 119 922 733 462 0 289 0 376 0 0 712 282 739 575 25
166 799 143 75 30 0 854 331 445 414 0 928 930 0 0 218 0 65 0 211 319 123 0 0 0 195 0 620 986 442 0 0 631 215 919 0 856 817 0 978 500 499 0 68 907 222 298 0 0 971 106 544 915 873 0 779 0 122 119 433 0 904 427 810 469 679 759 684 848 312 184 94 16 0 796 79 103 175 529 736 0 0 553 291 441 119 922 733 462 673 289 0 376 0 0 712 282 739 575 25
0 799 143 75 30 0 854 331 0 414 352 0 930 281 730 218 940 65 989 0 319 0 0 659 0 195 817 620 986 442 0 0 0 0 919 0 856 817 418 978 500 0 344 68 907 222 298 659 567 971 0 544 915 873 905 779 168 0 119 433 0 904 0 0 469 679 759 0 848 312 0 94 0 903 796 79 103 175 0 736 0 104 553 291 441 119 922 0 462 673 289 664 0 671 413 0 0 739 0 25
166 799 143 75 30 0 854 331 445 0 352 0 0 0 0 218 940 0 989 211 319 123 585 659 996 195 0 620 986 0 724 77 631 215 0 812 856 817 0 978 500 499 344 68 907 222 298 659 0 971 106 544 0 873 905 779 168 122 119 433 778 0 0 810 469 679 759 0 848 312 184 94 16 903 796 79 103 175 529 736 0 104 553 291 441 0 922 733 462 0 289 664 376 671 413 0 0 739 0 25
166 799 143 75 30 0 854 331 445 414 0 928 930 281 730 218 940 0 989 211 0 123 585 659 996 0 817 0 986 0 0 77 631 0 919 812 0 817 418 978 500 499 344 0 0 222 0 0 567 971 106 544 915 873 905 0 168 122 119 433 0 904 427 810 469 679 759 684 848 312 184 0 16 903 796 79 103 0 529 736 0 104 0 0 0 119 922 733 462 0 0 664 0 671 413 712 282 739 0 25
166 799 143 75 30 418 854 331 0 0 352 928 930 281 730 218 0 65 0 0 0 0 585 659 996 195 0 620 986 442 724 0 631 215 919 812 856 817 418 978 500 499 0 68 907 222 298 0 567 971 106 544 0 873 905 0 168 122 119 433 778 904 0 810 469 679 759 0 848 312 184 94 0 903 796 79 103 175 529 0 0 104 553 291 0 119 0 733 462 0 289 664 0 671 0 712 282 739 575 25
166 799 143 75 30 418 854 331 445 414 352 928 930 281 730 218 940 65 0 0 319 123 585 0 996 0 0 620 986 0 724 77 631 215 0 812 856 817 418 0 0 499 344 68 907 222 298 659 567 0 106 544 915 0 905 779 168 122 0 0 778 0 427 0 469 679 759 684 848 312 184 94 16 903 0 79 0 175 529 736 119 0 0 291 0 119 922 733 462 673 289 664 376 671 413 712 0 739 575 0
166 799 143 0 30 0 854 0 445 414 352 928 930 0 730 218 940 65 989 211 319 0 585 0 996 0 817 0 0 442 724 77 631 215 919 0 0 817 418 0 0 499 344 68 907 0 298 659 567 971 106 544 915 0 0 779 0 122 119 0 778 904 0 810 0 679 759 684 0 312 184 0 16 903 796 79 103 175 529 736 0 104 553 291 441 119 0 733 0 0 0 0 0 0 0 712 282 0 0 25
166 799 143 75 0 418 854 331 445 414 0 0 930 281 730 0 940 65 0 211 319 123 0 659 0 0 817 0 986 442 0 77 0 0 0 812 856 0 418 0 500 499 344 68 0 222 0 659 0 971 106 544 915 873 905 779 168 0 0 433 778 904 427 0 469 679 0 684 0 312 184 94 16 903 796 79 103 0 529 0 119 104 553 291 0 119 922 733 462 673 289 664 0 671 0 712 282 739 575 25
166 799 143 0 30 0 0 331 445 414 352 928 0 281 0 0 940 0 989 211 319 123 585 659 0 195 817 0 986 442 0 0 631 215 919 812 856 817 418 978 500 499 344 68 0 222 298 0 567 971 106 544 915 873 905 779 168 122 119 433 778 904 427 810 0 0 759 684 848 312 184 94 16 0 0 0 103 0 529 736 119 104 553 291 441 119 922 733 462 673 289 664 0 671 0 712 282 739 575 25
0 0 143 0 30 418 854 331 445 0 352 928 930 0 730 0 0 65 989 211 0 123 585 659 0 195 0 620 986 442 0 77 631 215 919 812 856 817 418 978 0 499 0 68 907 0 0 659 567 971 106 544 915 873 905 0 168 122 119 433 778 0 0 810 0 679 759 0 848 312 0 94 0 903 0 79 103 0 529 736 0 0 553 291 441 119 0 733 462 673 289 664 376 0 0 712 282 739 0 25
166 799 143 75 30 0 0 331 445 414 352 928 0 281 730 0 0 65 989 211 0 123 585 0 996 195 0 0 986 442 724 0 631 215 919 812 856 817 418 978 500 499 344 68 907 222 298 659 567 971 106 0 915 873 905 779 168 0 119 433 778 904 427 810 469 679 759 684 848 312 184 0 16 903 796 79 103 0 529 736 119 0 0 291 441 119 922 733 462 673 289 664 376 671 0 712 282 739 0 25
0 799 143 75 30 0 854 331 445 414 0 928 930 0 730 218 940 65 0 211 319 123 585 659 0 195 817 620 986 442 0 0 631 215 0 812 856 817 418 978 500 499 344 68 907 222 298 0 567 0 106 0 0 873 905 0 168 122 119 433 778 904 427 810 469 0 759 684 848 312 184 94 16 903 796 79 103 175 0 0 0 104 0 291 441 0 922 0 462 0 0 664 376 671 0 712 282 0 575 25
166 799 143 75 30 418 854 331 0 414 352 928 930 281 730 218 0 65 989 211 0 0 585 659 996 195 0 620 986 442 0 0 631 215 0 812 856 817 0 978 500 499 0 68 0 222 298 659 0 971 106 544 915 873 905 0 168 122 119 433 778 0 427 810 469 679 759 0 848 312 0 94 16 903 796 79 0 175 529 736 119 104 0 0 441 119 922 733 0 0 289 664 376 0 0 712 282 739 575 25
0 799 143 75 30 418 854 331 445 414 352 928 930 281 0 0 0 65 989 211 0 123 585 659 996 0 817 620 0 0 724 0 0 215 919 812 856 0 418 978 500 499 344 68 907 222 0 659 567 0 106 544 915 873 905 779 168 0 119 433 778 904 427 810 469 679 759 0 848 312 184 0 16 0 0 0 103 175 0 0 119 104 553 0 441 0 922 733 462 673 289 664 376 671 413 712 282 0 575 25
166 799 0 75 30 418 854 0 445 414 352 928 930 281 730 0 0 0 0 211 0 123 585 659 996 195 817 620 986 442 724 77 631 215 919 812 856 0 418 978 0 499 0 68 907 0 298 0 0 971 106 544 915 873 0 779 0 0 119 433 778 904 427 810 0 679 759 684 848 312 184 0 16 0 796 79 103 175 529 736 119 0 553 291 441 119 922 733 462 673 289 664 376 671 413 0 282 739 575 25
166 799 143 75 30 418 854 0 0 414 352 0 0 281 0 218 940 65 989 211 319 123 585 659 996 195 817 620 0 442 724 77 631 215 0 812 856 817 418 978 500 499 0 68 907 222 298 659 567 971 106 544 915 0 905 0 168 122 119 433 778 904 0 810 0 0 759 684 0 312 184 94 0 903 0 79 103 0 529 736 119 104 0 291 0 119 0 733 462 0 0 664 376 671 413 0 282 0 0 25
166 0 143 75 30 418 854 331 445 0 352 0 930 0 0 0 940 0 989 0 319 0 0 0 996 195 817 0 986 442 0 0 631 0 919 812 856 817 418 0 500 499 344 68 907 222 298 0 567 971 106 544 915 0 905 779 0 0 119 0 0 904 0 0 0 679 759 0 848 0 184 0 16 903 0 79 103 175 529 736 119 0 0 0 0 0 922 733 462 0 289 0 0 671 413 712 282 739 575 25
166 799 0 0 0 418 854 331 445 0 352 0 930 281 730 218 940 65 989 211 319 123 585 659 996 195 817 620 986 442 0 0 0 215 919 812 856 817 418 978 500 499 0 68 907 222 0 659 567 971 106 544 915 873 905 779 168 122 0 0 778 904 427 810 469 0 0 684 0 312 0 0 0 903 0 0 103 175 529 736 0 104 553 291 441 119 922 0 462 0 289 664 376 671 413 712 282 739 575 0
166 0 143 75 30 418 854 331 0 414 352 928 0 281 0 0 940 65 0 211 0 0 585 659 996 0 817 620 0 0 724 77 631 215 919 812 856 817 418 978 500 0 0 68 907 222 298 0 567 971 106 0 915 873 905 779 168 122 119 433 0 904 0 0 469 679 759 684 848 0 184 94 0 0 0 0 103 0 529 736 119 104 553 0 441 0 922 733 462 0 289 664 376 671 0 712 0 739 575 25
166 799 143 0 30 0 854 331 445 414 352 928 930 281 730 0 940 0 0 211 319 123 585 659 996 195 817 620 986 442 724 77 0 0 919 812 0 817 418 0 500 0 344 68 0 222 298 659 567 971 106 544 915 0 905 779 168 0 119 433 778 0 427 810 469 679 759 684 848 312 184 94 16 903 796 79 0 175 0 736 0 104 0 0 441 119 0 733 462 673 0 664 376 671 0 712 282 0 575 25
6.57, 8.79, 6.38, 12.44, 8.57, 9.66, 12.47, 14.32, 17.63, 24.98, 18.06, 22.97, 17.52, 25.94, 22.25, 21.81, 16.21, 23.95, 18.2, 18.82, 16.73, 23.37, 23.31, 19.09, 22.83, 19.9, 21.05, 25.46, 24.12, 19.22, 20.12, 14.2, 15.15, 20.57, 15.09, 20.26, 19.55, 24.02, 18.42, 16.0, 22.65, 17.8, 20.42, 23.02, 15.24, 19.35, 18.13, 19.71, 21.21, 18.77, 18.55, 22.39, 14.38, 16.74, 22.78, 20.57, 15.45, 19.26, 20.57, 22.08, 17.99, 24.5, 25.19, 20.54, 20.83, 21.62, 18.54, 24.24, 20.95, 20.49, 22.75, 14.37, 18.45, 14.84, 23.91, 14.15, 19.53, 20.45, 25.49, 18.77, 21.5, 22.64, 20.26, 20.86, 20.64, 16.85, 19.38, 20.05, 28.44, 31.01, 28.29, 26.73, 27.66, 30.7, 26.17, 28.06, 27.85, 26.26, 26.9, 31.24
18.83, 15.57, 17.11, 18.67, 16.34, 16.87, 18.65, 26.92, 28.49, 24.86, 27.75, 25.79, 26.71, 26.24, 29.0, 25.84, 25.83, 26.91, 28.5, 27.44, 26.09, 26.5, 26.64, 26.2, 26.9, 27.01, 24.85, 28.19, 28.39, 26.19, 26.89, 25.55, 25.45, 26.24, 25.08, 28.9, 26.34, 28.88, 25.33, 27.38, 29.09, 26.07, 28.34, 27.83, 25.93, 25.72, 26.62, 26.33, 27.86, 27.17, 26.36, 27.69, 27.89, 26.12, 27.04, 26.06, 26.37, 25.56, 28.58, 27.31, 28.14, 27.15, 27.56, 28.25, 27.61, 25.79, 25.79, 27.65, 26.56, 28.23, 26.42, 28.04, 28.28, 25.61, 25.79, 27.34, 26.52, 27.69, 24.85, 27.04, 26.72, 28.86, 27.05, 27.92, 27.74, 27.45, 27.7, 27.76, 29.19, 26.95, 28.36, 27.42, 27.38, 26.12, 27.75, 26.58, 29.03, 29.37, 27.33, 29.82
14.13,24.99,14.73,25.56,22.33,24.32,21.88,13.31,13.09,14.97,30.34,23.57,28.44,11.12,14.16,23.16,9.57,26.82,15.19,8.0,27.34,8.52,6.73,30.4,17.61,7.03,21.36,27.4,25.68,27.1,8.26,29.88,22.27,21.31,24.5,27.64,25.96,28.46,22.89,16.11,25.77,20.52,15.91,6.44,28.11,16.2,23.94,6.45,28.6,25.43,12.9,7.63,8.83,17.39,21.59,26.17,7.16,9.06,12.97,28.3,13.88,26.67,17.06,29.02,29.62,8.47,9.82,30.92,6.95,16.76,21.29,30.68,13.71,12.09,21.5,26.44,12.77,28.55,15.01,16.51,15.11,17.24,19.17,18.21,9.13,8.54,17.75,18.77,13.26,21.62,16.46,14.4,22.52,