100
0 799 0 0 30 0 0 0 0 0 0 0 930 0 0 0 0 65 0 0 0 123 0 0 0 195 0 0 0 0 0 77 0 0 0 0 0 0 0 0 0 0 344 0 0 0 0 0 0 0 106 0 915 0 905 0 0 0 0 433 0 0 0 0 0 0 0 0 0 0 0 94 0 0 796 0 0 0 0 0 0 0 0 291 0 0 0 0 0 0 0 0 0 0 0 0 0 0 0 0
0 0 0 75 30 0 0 0 0 0 0 0 0 281 0 218 940 0 0 0 0 123 0 0 0 0 0 0 986 0 0 77 0 0 0 0 856 0 418 0 0 499 0 0 907 0 0 0 0 0 0 544 0 0 0 0 0 0 0 433 0 0 0 0 0 679 0 0 0 312 0 0 0 0 0 0 0 175 0 0 119 0 0 0 0 0 0 0 0 0 0 0 376 0 0 0 0 739 0 0
0 0 0 0 0 0 0 0 445 0 0 0 0 0 0 0 940 0 0 0 0 0 0 0 0 195 0 0 0 0 0 0 0 0 0 0 0 0 0 978 0 0 0 0 0 0 0 0 0 0 106 0 0 0 0 0 0 0 0 0 0 0 0 0 469 0 0 684 0 0 0 0 0 0 0 0 0 0 0 0 0 0 0 0 441 0 0 0 462 0 0 664 0 0 413 0 0 0 575 25
0 0 143 0 30 0 0 0 0 0 0 0 930 0 0 0 0 0 0 211 0 0 585 659 996 0 0 0 0 0 0 77 0 215 919 0 856 0 0 978 0 0 0 0 0 0 0 0 567 0 0 0 0 0 0 0 0 0 0 0 0 0 0 0 0 679 0 0 0 0 0 0 16 903 0 0 0 0 529 736 0 0 0 0 0 0 0 0 0 0 0 0 0 0 0 0 282 0 575 25
0 0 0 0 30 0 0 0 0 414 0 0 0 0 0 0 0 0 0 0 0 0 0 0 0 0 0 0 0 442 0 0 0 0 0 0 0 0 0 0 0 0 0 0 0 0 0 659 0 0 0 0 0 0 905 0 0 122 0 0 0 0 0 0 0 0 0 0 0 0 0 0 0 0 0 0 103 0 0 0 0 0 0 0 0 0 0 733 462 0 0 0 0 0 0 0 0 0 0 0
0 0 0 75 30 0 0 0 0 0 0 928 930 0 0 0 0 65 0 0 0 0 0 0 0 0 0 0 0 442 0 0 0 0 0 0 0 0 0 0 500 0 0 0 0 0 0 0 567 0 0 0 0 0 0 0 0 0 0 433 0 0 0 810 469 0 0 0 0 0 0 0 0 0 0 0 0 0 0 0 119 0 553 0 0 0 0 0 0 0 289 664 0 0 0 0 0 0 575 0
166 0 0 0 0 418 0 0 0 0 0 0 930 0 730 0 0 0 0 0 0 0 0 0 0 0 0 0 986 0 0 0 0 215 0 0 0 0 0 0 0 0 0 0 0 0 298 0 0 0 0 0 0 0 0 0 0 0 0 433 778 904 0 0 0 0 0 0 0 312 0 0 0 0 796 0 0 0 0 0 0 0 0 0 0 0 0 0 0 673 289 0 0 0 0 0 0 0 575 0
0 799 0 0 0 0 0 0 0 0 352 0 0 0 730 0 0 0 0 211 0 0 0 0 0 0 0 0 986 0 0 0 0 0 0 0 0 0 0 0 0 0 0 0 0 0 0 0 0 0 0 0 0 873 0 0 0 0 0 0 0 0 0 810 0 0 0 0 0 0 0 0 0 0 0 0 0 0 0 0 0 0 0 291 0 0 0 0 0 0 0 0 0 0 0 0 282 0 0 0
0 0 0 0 30 0 854 0 0 0 352 0 930 0 0 218 0 0 0 211 0 0 585 0 0 0 0 0 0 0 0 0 0 215 0 0 0 0 0 0 0 0 0 0 0 0 0 0 0 0 0 0 0 0 0 0 0 0 0 0 0 0 0 810 0 679 0 0 0 0 184 0 0 0 0 0 0 0 0 0 0 104 0 0 441 0 922 0 0 0 0 0 376 0 413 0 0 0 0 0
0 0 0 75 30 0 0 0 0 0 352 0 0 281 0 0 0 0 0 0 0 123 0 0 0 0 0 0 0 0 0 77 0 0 0 0 0 0 0 0 0 0 0 0 907 0 0 0 0 0 0 0 0 873 0 0 0 122 0 0 0 0 427 0 469 0 759 0 0 0 0 0 0 0 0 0 0 0 0 0 0 0 553 0 441 0 922 0 462 673 0 664 376 0 0 0 0 0 0 0
0 0 0 0 0 0 0 0 0 0 0 0 0 0 0 0 0 65 0 211 0 123 0 0 0 0 0 0 0 0 0 0 0 215 919 0 0 0 0 0 500 0 344 0 0 0 0 0 0 0 106 0 0 0 0 779 0 0 0 0 0 904 0 0 469 0 0 0 0 0 0 94 0 903 0 0 0 0 0 0 0 0 0 0 0 0 0 0 462 673 0 664 0 0 0 0 0 0 0 0
0 0 0 0 0 0 0 0 0 0 0 0 930 0 0 0 0 0 0 0 0 123 0 0 0 0 0 0 0 0 0 0 0 0 0 0 0 817 418 978 0 0 0 0 0 0 0 0 0 0 0 0 0 0 0 0 168 122 0 0 0 0 0 0 0 679 0 0 0 0 184 94 0 0 0 79 103 0 529 0 0 0 0 0 0 0 0 0 0 0 0 0 0 0 0 0 0 739 0 0
0 0 0 0 0 418 0 0 0 0 0 0 0 0 0 0 0 65 0 211 0 0 0 0 0 0 0 0 0 442 0 0 0 0 0 0 0 0 0 978 0 0 0 0 0 0 0 0 0 0 0 0 0 0 0 0 0 0 0 0 0 0 0 0 0 0 0 0 848 0 0 0 0 903 0 79 0 0 529 736 0 0 0 291 0 0 0 0 0 0 0 0 0 671 0 0 0 0 575 0
0 0 0 0 0 418 0 0 445 414 0 0 930 0 0 218 0 0 0 0 0 123 0 0 0 0 817 0 0 0 0 0 0 0 0 0 0 0 0 0 0 0 0 0 0 0 0 0 0 0 0 0 0 0 0 0 0 0 0 0 0 0 0 0 0 0 0 0 0 0 0 0 0 0 0 79 0 175 0 0 0 0 0 0 0 0 0 0 0 673 0 0 0 0 0 0 0 0 0 0
0 0 0 0 0 0 0 0 0 0 0 0 0 0 730 0 940 0 0 0 0 0 0 0 0 0 0 0 986 442 0 0 0 0 0 0 0 0 0 0 0 0 0 0 0 0 0 0 0 0 0 0 0 0 0 0 0 0 0 0 0 0 0 0 469 679 0 684 0 0 0 0 0 0 0 0 0 175 0 0 0 104 0 0 441 0 0 0 0 0 289 0 0 0 0 0 0 0 0 25
0 799 143 0 0 0 0 0 0 0 352 0 930 0 0 0 0 0 0 0 0 0 0 0 996 0 0 0 0 442 0 0 0 0 0 0 0 0 0 0 0 0 0 0 0 0 0 0 0 0 106 544 0 0 0 0 0 0 119 433 0 0 0 0 0 0 0 0 0 0 0 0 0 0 796 0 0 175 0 0 0 0 553 0 441 0 0 0 0 0 0 0 0 0 0 0 0 0 0 25
0 0 0 0 0 0 0 0 445 0 0 0 0 0 0 0 0 65 0 0 0 0 0 0 996 195 817 0 0 0 0 77 0 0 919 0 0 0 0 0 0 0 0 0 0 0 0 0 0 971 0 544 0 0 0 779 0 0 0 0 778 0 427 0 0 0 0 0 0 0 0 0 0 903 0 79 0 0 0 0 119 0 0 291 0 0 0 0 462 673 0 0 0 0 413 0 0 0 0 0
0 0 0 75 0 0 854 0 0 0 0 0 0 0 0 0 0 0 0 0 319 123 0 0 0 0 0 0 0 0 724 0 0 0 919 0 0 0 0 0 0 0 0 0 907 0 0 0 567 0 0 0 0 0 0 0 0 0 0 0 0 904 0 0 0 679 0 0 0 0 0 0 0 0 0 0 0 0 0 736 0 104 0 0 0 0 0 0 462 0 0 0 0 0 413 0 0 0 0 0
166 0 0 0 0 0 0 0 0 0 352 0 0 0 0 0 0 0 0 0 319 0 0 659 0 0 0 0 0 0 0 0 0 0 0 0 0 817 0 0 0 0 344 0 907 0 0 0 567 0 0 544 915 0 0 779 0 0 0 0 0 0 0 0 0 0 0 0 0 0 0 0 0 0 0 0 103 0 0 0 0 104 553 0 0 0 0 0 0 0 289 0 0 0 0 712 0 0 0 0
0 0 0 75 0 418 0 0 0 0 0 0 0 0 0 0 940 0 0 211 0 123 585 0 0 195 0 0 0 0 0 0 0 0 0 0 0 0 0 0 500 0 0 0 0 0 0 659 567 0 106 0 0 0 0 0 0 0 0 0 0 0 0 0 0 0 0 0 0 0 0 0 0 0 0 79 0 175 0 0 0 0 0 0 0 0 0 0 0 673 0 0 376 0 0 0 282 0 0 25
166 799 0 0 30 0 0 0 0 0 0 0 0 0 0 0 0 0 0 0 0 0 0 659 996 195 0 620 0 0 0 77 0 0 0 0 0 0 0 0 0 0 0 68 0 0 0 0 0 0 0 0 0 0 0 0 0 0 0 0 0 0 0 0 0 0 0 0 848 0 0 0 0 0 0 0 0 0 0 0 0 0 0 0 0 0 922 0 0 0 0 664 0 0 0 0 0 0 0 0
166 0 0 0 0 0 0 331 0 0 0 0 0 0 0 0 0 0 0 0 0 0 0 0 0 195 0 0 0 0 0 0 0 215 0 0 0 0 0 0 0 0 0 68 0 0 0 0 0 0 0 0 0 0 0 779 0 0 119 0 0 904 0 0 0 679 0 0 848 0 184 0 0 0 0 0 103 0 0 0 0 0 0 0 0 0 922 0 0 0 289 0 0 0 0 0 0 739 0 25
0 0 143 0 0 0 0 0 0 0 0 0 0 0 0 0 0 0 0 0 0 123 0 0 0 0 0 0 0 0 0 0 0 0 0 0 0 0 0 0 0 0 0 0 0 0 0 0 0 0 0 0 0 0 0 0 168 0 0 0 0 0 0 0 469 0 0 0 0 312 0 0 0 0 0 0 0 0 0 0 0 0 0 291 0 0 0 0 0 0 0 0 0 671 0 0 0 0 0 0
0 0 0 0 30 0 0 331 0 0 352 928 0 0 0 0 0 0 0 0 0 0 0 0 0 0 0 0 986 0 0 77 0 0 0 0 0 0 418 0 0 499 0 0 0 0 0 0 0 0 0 0 0 0 0 0 0 0 0 0 0 0 427 0 0 0 0 0 0 0 184 94 16 0 796 0 0 0 0 736 0 0 0 291 0 0 0 0 0 0 289 0 376 0 0 0 0 739 0 0
166 0 143 0 30 0 0 0 0 0 352 0 0 0 0 0 0 0 0 0 0 0 0 0 0 0 0 0 0 0 0 0 631 215 919 0 0 817 0 0 0 0 0 0 0 0 0 0 0 971 0 0 0 0 0 0 0 122 0 0 0 0 0 810 0 679 0 0 0 0 0 0 0 0 0 0 0 0 0 0 0 0 0 0 0 0 0 0 0 0 289 0 0 0 0 0 0 0 575 0
0 0 0 0 0 0 0 0 0 414 352 0 0 0 0 0 0 65 0 0 0 0 0 659 0 0 0 0 0 0 0 0 0 0 0 0 856 817 418 0 0 0 0 0 907 0 0 0 0 971 0 0 0 0 0 0 0 0 0 0 778 0 0 0 469 0 0 0 0 0 184 0 0 0 0 79 0 0 0 0 0 0 0 0 441 119 922 0 0 0 0 0 0 0 0 0 0 0 0 0
0 0 0 0 0 0 0 0 445 0 352 0 0 0 0 0 0 0 989 211 319 0 585 0 0 0 0 0 0 0 0 0 0 0 919 0 0 0 0 0 0 0 344 0 0 0 0 0 0 0 0 0 915 0 0 0 0 0 0 0 0 0 0 0 0 0 0 0 848 0 0 0 0 0 796 0 0 0 0 0 0 0 0 0 0 0 0 733 0 0 0 0 0 0 0 0 0 739 0 0
0 799 0 0 30 0 0 0 0 414 0 0 0 0 0 0 0 0 0 0 0 0 0 659 996 0 0 0 0 0 724 0 0 0 0 812 0 817 418 0 0 0 0 0 907 0 0 0 0 0 0 0 915 0 0 779 0 0 0 0 0 0 0 0 0 0 0 0 0 312 0 94 0 0 0 0 103 0 0 0 119 0 553 0 0 0 0 0 462 0 0 0 376 0 413 0 282 0 0 0
0 0 0 0 0 0 854 331 445 0 0 0 930 0 0 0 940 65 0 0 0 123 0 0 0 0 0 0 0 0 0 0 0 0 0 0 0 0 0 0 500 0 0 0 0 0 298 0 0 0 0 0 915 0 0 0 0 122 119 0 778 0 0 0 0 0 759 0 0 312 0 0 0 0 0 0 0 0 0 0 0 0 553 0 0 0 0 0 0 0 0 0 0 671 0 0 0 0 0 0
0 0 0 0 0 0 0 0 0 414 0 0 930 0 0 0 0 65 0 0 0 123 0 0 0 0 817 0 0 0 0 0 0 0 0 0 0 0 0 0 0 499 0 0 0 0 0 0 0 0 0 0 0 0 0 779 0 0 0 0 0 0 0 0 0 0 0 0 0 0 0 94 0 0 0 0 0 0 0 0 0 0 0 0 0 0 0 0 0 0 0 0 0 0 0 712 0 0 0 0
0 799 0 0 0 0 0 0 0 0 0 928 0 0 0 0 0 0 989 211 0 0 585 0 0 0 817 0 0 0 0 0 0 0 0 0 0 817 0 0 0 499 0 0 0 0 298 0 567 0 0 0 915 0 0 0 0 122 119 0 778 0 0 0 0 0 0 0 0 312 0 0 0 0 0 0 0 0 0 0 0 0 0 0 0 0 0 0 0 0 0 0 0 0 0 0 0 0 0 25
0 0 0 0 0 0 0 0 0 0 0 0 0 0 0 0 0 0 0 0 0 0 585 0 0 0 817 620 0 0 0 0 0 0 0 0 0 0 0 0 0 0 0 0 0 0 0 0 567 0 0 0 0 873 0 0 0 0 119 0 0 0 0 0 0 0 0 684 0 0 0 0 0 0 0 0 0 0 529 0 0 104 0 0 0 0 0 0 0 0 0 0 0 0 0 0 0 0 0 0
0 0 0 0 0 0 0 0 0 0 0 0 0 0 0 0 0 0 989 211 0 0 0 0 0 0 0 0 0 0 0 0 0 215 0 0 0 0 0 0 500 0 0 0 0 0 0 659 0 971 0 0 0 0 0 0 0 0 0 0 0 0 427 0 0 0 0 684 0 0 0 0 0 0 0 79 0 0 0 736 0 0 553 0 0 0 0 0 0 0 0 0 0 0 0 0 0 0 0 0
0 0 0 75 0 0 0 0 0 0 352 0 0 281 730 0 0 65 0 0 0 0 0 0 0 195 0 0 0 0 0 0 631 0 0 0 0 817 0 0 0 0 344 0 0 0 0 0 0 0 0 0 0 0 0 0 0 122 0 0 0 0 0 0 0 0 0 0 848 0 0 0 0 0 796 79 0 0 0 736 0 0 0 0 0 0 0 0 0 0 0 0 0 0 0 0 0 739 0 0
0 0 0 0 0 0 0 331 0 0 0 0 0 0 0 0 0 0 989 0 0 0 0 0 0 0 817 0 986 0 0 77 0 0 0 0 0 0 0 0 0 0 0 0 0 0 0 659 0 0 0 0 0 873 0 0 0 0 119 0 0 0 0 810 0 0 0 0 0 312 184 0 0 0 0 0 103 0 0 0 0 0 553 291 0 119 0 0 0 0 0 664 376 0 0 0 0 0 575 0
0 0 0 0 0 0 0 0 0 0 0 0 0 0 0 0 0 0 0 211 0 0 0 0 0 0 817 0 0 0 0 0 0 0 0 0 0 0 0 0 0 0 0 0 907 0 298 0 0 971 0 0 0 873 0 0 0 122 0 0 0 0 0 0 0 0 0 0 0 0 0 0 0 0 0 0 0 0 0 0 0 0 0 291 0 0 0 0 0 0 0 664 0 0 0 0 282 0 0 0
0 799 0 0 0 0 0 0 0 0 0 0 0 281 0 0 0 0 0 0 0 0 0 0 0 0 817 0 0 0 0 0 0 0 0 0 0 0 0 978 0 499 0 0 0 0 0 0 0 0 0 0 0 0 0 0 0 0 119 433 0 0 0 0 0 679 0 684 0 0 0 0 0 0 0 79 103 0 0 0 0 0 0 0 0 0 0 0 0 0 0 0 0 0 0 0 282 0 0 0
0 0 0 0 0 0 0 0 445 414 0 0 0 0 0 0 940 65 0 0 0 123 0 0 996 0 0 0 0 0 0 0 0 0 0 0 856 817 0 0 500 0 344 0 907 0 0 0 0 0 0 0 0 0 0 0 0 122 119 0 778 0 0 0 0 0 0 0 0 0 0 0 0 0 0 79 0 0 0 0 0 0 0 0 0 0 0 0 0 0 0 0 0 0 0 712 0 0 0 0
0 0 143 0 30 0 0 331 445 414 352 0 0 0 0 0 940 0 0 0 0 123 0 0 0 0 0 0 0 442 0 0 0 0 0 812 0 0 0 0 0 0 0 0 0 0 0 0 0 0 0 0 0 0 905 0 0 0 0 0 0 904 0 810 0 0 0 0 0 0 0 0 0 0 0 0 0 0 0 0 119 0 0 0 0 0 0 0 0 673 0 0 0 0 0 0 282 0 0 0
0 0 0 0 0 0 0 0 0 0 0 0 0 0 0 0 940 65 0 0 0 0 0 0 0 0 0 0 0 0 0 0 631 0 0 0 0 0 0 0 0 0 0 0 0 0 0 0 567 971 0 0 915 0 905 0 0 0 0 0 0 0 0 0 0 0 0 0 0 0 0 0 0 0 0 0 0 0 529 0 119 0 0 0 441 0 0 0 0 0 0 0 0 0 0 0 0 0 0 0
0 0 0 0 0 0 0 0 0 0 0 0 0 0 0 0 0 0 0 0 0 0 0 0 0 0 817 0 0 0 0 0 0 0 0 0 0 0 0 0 0 0 0 0 907 0 0 0 567 0 0 0 0 0 0 0 0 0 0 0 0 904 0 0 0 0 0 0 0 0 0 0 0 0 0 0 103 0 0 0 0 0 0 0 0 119 0 0 0 0 0 664 0 0 0 0 0 0 0 0
0 0 0 0 30 418 0 0 0 0 352 0 930 0 0 218 940 0 0 211 0 0 585 0 0 0 0 0 0 0 0 0 0 0 0 812 856 817 418 0 500 0 0 0 0 222 0 0 0 0 0 0 0 0 0 0 0 0 0 0 0 0 0 0 0 0 0 0 0 0 0 0 0 0 796 0 0 0 0 0 0 0 0 0 441 0 0 0 0 0 0 0 0 0 0 0 0 739 0 0
0 0 0 0 30 0 0 0 0 0 352 0 0 0 0 0 0 0 0 0 0 0 585 0 0 0 0 0 0 442 0 0 0 0 0 0 0 0 0 0 0 0 0 0 0 0 0 659 0 0 0 544 915 873 905 0 168 122 0 0 0 0 427 810 0 0 0 0 848 0 0 0 0 0 0 0 0 0 0 736 0 0 553 0 0 0 0 0 0 0 0 0 0 0 0 712 282 0 0 0
0 0 0 0 0 0 0 0 0 0 352 928 0 0 0 218 0 65 0 0 319 0 585 0 0 0 0 620 0 0 0 0 0 0 0 0 0 0 0 978 0 0 344 0 0 0 0 0 0 0 0 0 0 0 0 0 0 0 0 0 778 0 0 0 0 0 0 0 0 0 0 0 0 0 0 0 0 0 0 0 0 0 553 0 0 0 0 0 0 0 0 0 0 0 0 0 0 0 0 0
0 799 143 75 0 0 0 331 445 0 0 928 0 0 0 0 0 0 0 0 0 0 0 0 0 195 817 0 0 0 0 0 0 0 0 0 0 0 0 0 0 0 344 68 0 0 0 0 0 0 0 0 0 0 0 0 168 0 0 0 0 0 0 0 0 0 0 0 0 0 0 0 0 0 0 0 0 0 0 736 0 104 0 0 0 0 0 0 0 0 0 0 0 671 0 0 0 0 0 0
166 0 0 0 0 0 0 0 445 0 0 0 0 0 0 0 0 0 0 0 0 0 0 0 0 0 817 0 986 0 724 0 0 0 919 0 0 0 0 0 0 0 344 0 0 0 0 0 0 0 0 0 0 0 0 0 0 0 0 0 0 0 0 810 0 0 0 684 0 0 0 0 0 0 796 0 0 0 0 0 119 0 0 0 0 0 922 0 0 0 0 0 0 0 0 0 0 0 0 0
0 0 0 75 0 0 0 0 0 0 0 0 0 0 0 0 0 0 0 0 0 0 0 0 996 0 0 0 0 0 0 0 0 0 919 0 0 817 0 0 0 499 0 0 0 0 0 0 0 0 0 0 915 0 0 779 0 0 0 0 0 0 0 0 469 0 0 684 0 0 0 0 0 0 0 0 0 0 0 0 0 104 0 0 0 0 0 0 462 0 0 664 0 0 0 0 0 0 0 0
0 0 0 0 0 0 0 0 0 0 352 928 0 0 0 0 0 0 0 0 319 0 0 659 0 0 0 620 0 442 0 0 631 0 0 0 0 0 0 0 0 0 0 68 0 0 0 0 0 0 0 0 0 0 0 0 0 122 0 0 0 0 0 0 469 679 759 0 0 0 0 0 0 0 0 0 0 0 0 0 0 104 0 0 0 0 0 0 0 0 0 0 376 0 0 0 0 0 0 0
0 0 0 0 0 0 0 0 0 0 0 928 0 0 0 218 0 0 0 0 0 0 0 0 0 195 0 0 0 0 0 0 0 0 0 0 0 0 0 0 0 0 344 0 0 0 0 0 0 0 0 0 0 873 0 0 168 0 0 0 0 0 0 0 0 0 0 0 0 0 0 0 0 903 0 0 0 0 0 736 0 0 0 0 0 0 0 0 0 0 0 0 0 671 0 0 0 0 0 0
0 0 0 0 0 0 0 331 0 0 0 0 0 0 0 0 0 65 0 0 0 123 0 0 0 0 0 0 0 0 0 0 0 0 0 812 0 0 0 0 0 499 0 0 0 0 0 0 0 0 0 0 0 0 0 779 0 0 0 433 0 0 427 0 0 0 0 0 0 0 184 0 0 0 0 0 0 0 529 736 0 104 0 0 0 119 0 733 0 0 0 0 0 0 0 0 0 739 0 0
0 0 0 0 30 0 0 331 0 0 0 0 0 0 0 0 0 0 0 0 0 0 585 0 0 0 0 0 986 0 0 0 631 0 0 0 0 0 0 0 0 0 0 0 0 0 0 659 567 0 106 0 0 0 0 0 0 0 0 0 778 0 427 0 0 679 759 0 0 312 0 0 0 903 0 0 0 0 529 736 0 104 553 0 0 0 0 0 0 0 0 0 376 0 0 0 0 739 0 0
0 0 0 0 0 0 0 0 0 414 0 0 0 0 0 0 0 65 0 0 0 0 585 0 996 0 0 0 0 0 0 0 0 0 0 0 856 0 0 0 0 0 344 68 0 0 0 659 0 971 0 0 0 873 0 779 0 0 0 0 0 0 0 0 0 0 0 684 848 0 0 0 0 0 0 0 0 175 529 0 0 0 0 0 0 119 0 0 0 0 0 664 376 0 0 712 0 0 0 0
0 0 0 0 30 0 0 0 0 0 0 0 0 0 0 0 0 0 0 0 0 0 0 0 996 0 0 0 0 0 724 77 631 0 0 0 856 0 0 0 0 0 0 0 0 0 0 0 0 0 0 544 915 0 0 779 0 0 119 433 0 0 0 0 0 0 759 0 0 0 0 0 16 0 0 0 0 175 0 0 119 0 0 0 0 119 0 0 0 0 0 0 0 671 0 0 282 0 575 25
0 799 0 0 0 0 0 0 445 0 0 0 0 281 0 0 0 0 0 0 0 0 0 659 0 0 0 0 0 0 0 0 631 215 919 0 0 0 0 0 500 0 0 0 0 0 298 659 0 0 0 0 0 0 0 779 0 0 0 0 778 0 0 0 0 0 759 0 0 0 0 0 0 0 0 0 0 0 0 0 0 0 553 0 0 0 0 0 0 0 289 0 0 0 0 0 0 0 0 0
0 0 143 0 0 0 0 0 445 0 0 0 930 0 0 0 0 0 0 0 319 0 0 0 996 0 0 0 0 0 724 77 631 0 0 0 0 0 0 0 0 0 0 68 0 0 0 0 0 0 0 0 915 0 0 0 0 0 0 433 0 0 0 810 469 0 0 684 0 0 184 94 0 903 0 0 0 0 0 736 0 0 0 0 0 0 0 0 462 0 0 0 0 671 413 712 0 0 0 0
0 0 0 0 30 0 0 331 0 0 0 0 0 0 730 0 0 0 0 0 0 0 0 0 0 0 0 0 0 0 0 0 0 0 919 0 0 0 0 0 0 499 344 0 0 222 0 0 0 0 0 0 0 0 0 0 0 0 0 0 0 0 0 810 469 0 0 0 0 0 0 0 0 0 0 0 0 0 0 0 0 0 0 0 0 0 0 0 0 0 289 0 0 0 413 0 0 0 0 0
0 0 143 0 0 0 0 331 0 0 0 0 0 281 0 218 940 0 989 0 0 0 0 659 0 0 0 0 0 0 0 0 0 0 0 0 0 0 0 978 0 0 344 0 0 0 0 0 567 971 0 0 915 0 0 0 168 0 0 0 0 0 0 0 0 0 759 0 0 0 0 0 16 0 0 79 0 0 529 736 0 0 553 0 0 0 0 0 0 0 0 664 376 0 0 0 0 0 0 0
0 0 0 75 0 0 854 0 0 414 0 0 0 0 0 0 0 0 989 0 0 0 0 0 996 0 0 0 0 442 0 0 0 0 0 0 0 0 0 0 0 0 0 68 0 0 0 0 0 0 0 0 915 0 0 0 0 0 0 0 0 904 427 0 0 0 0 0 0 0 0 0 16 0 0 0 0 0 0 0 119 0 0 0 0 0 0 0 0 0 0 0 0 0 0 0 0 739 575 0
0 0 0 75 0 0 0 0 0 0 0 0 0 0 0 0 0 0 989 0 0 0 0 0 0 195 817 0 0 0 0 0 0 0 0 812 0 0 418 0 0 0 344 0 0 0 0 0 0 971 0 0 0 0 0 779 168 0 119 0 0 0 0 0 0 0 0 0 0 0 184 0 16 0 796 0 103 0 0 0 0 0 0 291 0 0 0 0 0 0 0 664 0 0 0 0 0 0 575 0
0 0 0 0 0 0 854 0 0 0 0 0 0 0 0 218 0 0 989 0 0 0 0 0 0 195 0 0 0 0 724 0 0 0 0 0 0 0 0 0 500 0 0 0 907 222 0 0 0 0 106 0 0 0 0 0 0 0 0 0 0 0 0 0 0 679 759 0 0 312 0 0 0 0 0 79 103 0 0 0 0 0 0 0 0 0 922 0 0 0 0 0 0 0 0 0 0 0 0 0
0 0 0 75 0 0 0 331 0 0 0 0 930 0 730 0 940 65 0 0 0 123 0 0 0 0 0 0 0 0 0 77 0 0 0 0 0 0 418 0 0 0 0 0 0 0 0 0 0 0 0 0 0 0 0 0 0 122 0 0 0 0 0 810 469 0 759 0 0 0 0 94 0 0 0 0 0 0 529 0 0 0 0 0 441 0 0 0 0 0 289 0 0 671 0 0 0 0 0 0
166 0 0 0 0 0 0 0 0 0 0 0 930 281 0 218 0 0 0 211 0 0 0 0 996 0 817 0 0 0 0 0 0 0 0 812 0 0 0 0 0 0 344 0 0 222 0 0 567 0 0 0 0 0 0 0 0 0 0 0 0 904 0 0 469 0 759 0 0 0 0 94 0 0 0 0 0 175 0 0 0 0 0 291 441 0 922 0 462 0 0 664 0 0 413 0 0 0 0 0
0 0 0 0 0 0 0 331 445 0 0 0 0 0 0 0 0 0 0 0 0 0 0 0 0 0 0 0 0 0 0 0 0 0 0 0 0 0 0 978 0 0 0 68 907 0 0 659 0 0 0 0 0 0 0 0 0 0 119 0 0 0 0 0 469 0 0 0 0 312 0 0 16 0 0 0 103 0 0 0 0 104 0 0 0 0 0 0 0 0 289 0 0 671 0 0 0 739 0 0
0 0 0 0 0 0 854 0 0 0 0 0 0 281 730 0 0 65 0 0 0 0 0 0 0 0 0 0 0 0 724 0 0 0 0 0 0 817 0 0 0 0 0 0 0 0 0 0 0 0 0 0 0 0 0 0 0 0 0 0 0 0 0 0 469 0 0 0 0 0 0 0 0 0 0 79 0 0 0 0 0 0 0 0 441 0 0 0 0 0 0 0 0 0 0 712 0 0 0 0
0 0 0 0 0 418 0 0 0 414 0 0 0 0 0 0 0 0 0 211 0 0 585 0 0 0 0 0 0 442 0 77 0 0 0 0 0 0 0 0 500 0 0 0 0 0 0 0 567 0 0 0 0 0 905 0 168 122 119 0 0 0 0 0 0 0 0 684 0 0 0 0 0 0 0 0 103 0 0 0 0 0 0 0 0 0 922 0 0 0 0 664 0 0 0 0 282 739 0 0
166 0 0 0 0 0 0 0 0 0 0 0 0 0 0 0 0 0 0 0 0 123 0 0 0 0 0 0 0 0 0 0 0 0 0 0 0 0 0 0 0 0 0 0 907 0 0 0 0 0 106 0 915 0 0 0 0 122 0 0 0 904 0 0 0 0 0 0 0 312 0 0 0 0 0 0 0 175 0 0 0 0 0 0 441 0 0 0 0 0 289 0 0 671 0 0 0 0 575 0
0 0 0 0 0 0 0 0 0 414 0 0 0 0 0 0 940 65 0 0 319 0 0 0 0 0 0 0 0 0 0 0 0 215 0 0 0 0 0 0 500 0 0 0 907 0 0 0 0 0 0 0 0 0 905 0 0 0 119 0 0 0 427 0 0 0 0 0 0 0 0 0 0 0 0 0 0 0 0 736 0 0 0 0 0 0 0 733 0 673 0 0 0 671 0 0 0 0 0 25
0 799 0 75 0 0 0 0 0 0 352 0 0 0 0 0 940 65 989 211 0 0 0 0 996 0 0 0 0 0 0 0 0 0 0 0 0 0 0 978 0 0 0 0 0 0 0 0 0 0 0 0 0 0 905 0 168 0 0 0 0 0 427 0 0 0 0 0 848 0 0 0 0 0 0 79 0 175 0 0 0 0 0 0 0 0 922 0 0 673 0 664 0 0 0 0 0 0 0 0
166 0 0 0 0 0 0 0 0 0 0 0 0 0 0 0 0 0 0 0 319 0 0 659 996 0 817 0 0 0 0 0 0 0 0 0 856 0 0 0 0 0 0 0 907 0 0 0 0 0 0 0 915 0 905 0 0 0 0 0 0 0 0 0 469 0 759 0 0 0 0 94 16 0 0 0 0 0 529 0 0 104 553 0 441 0 922 733 0 0 0 0 0 0 0 0 282 0 0 0
0 0 0 75 30 0 854 0 0 0 0 0 0 0 0 0 0 0 0 0 0 0 585 0 0 0 0 620 0 442 0 0 0 215 0 0 0 0 0 978 0 0 0 68 0 0 0 0 0 0 0 544 0 0 0 0 0 0 0 0 778 0 0 0 0 0 759 0 0 0 0 0 0 0 0 0 0 175 0 0 0 0 0 0 441 0 0 0 0 0 0 0 0 0 0 0 282 0 0 0
0 0 0 0 0 0 854 0 0 414 0 0 0 0 0 0 0 0 0 0 0 0 0 0 0 0 0 0 986 0 724 0 0 215 919 0 0 817 0 0 0 0 344 0 0 0 0 659 0 971 0 0 0 0 0 779 168 122 0 0 0 904 0 0 0 0 0 0 0 0 0 0 0 0 0 0 103 0 0 0 0 0 553 291 0 0 0 0 462 673 289 0 0 0 0 0 0 0 0 0
0 799 143 0 0 418 0 331 445 0 0 0 0 0 0 0 0 0 0 0 319 0 585 0 0 0 0 0 0 0 0 0 0 0 0 0 0 0 0 0 0 0 0 0 0 222 0 0 0 0 106 0 0 0 0 0 0 0 0 433 0 0 0 0 0 0 0 0 0 0 184 0 0 0 0 0 0 175 0 0 0 0 0 0 0 0 0 0 0 0 0 0 0 671 0 0 282 0 0 25
166 0 0 0 0 0 0 0 0 414 352 0 0 0 0 0 940 0 989 0 319 0 0 0 996 0 0 620 986 0 0 0 0 0 0 0 856 0 0 0 0 0 0 0 0 0 0 0 0 0 0 0 0 0 905 779 0 0 0 0 0 0 427 0 0 0 759 0 0 0 0 94 0 903 0 0 0 0 0 0 0 0 0 0 0 0 0 0 0 0 0 0 0 671 0 712 0 0 0 0
0 0 0 0 30 0 0 0 0 0 0 0 0 0 0 0 0 0 0 211 0 0 585 0 0 195 0 0 0 0 0 0 0 0 919 0 856 0 0 0 0 0 0 0 0 0 0 659 0 0 106 544 0 0 0 0 0 0 0 433 0 0 0 0 0 0 0 0 0 0 0 0 0 0 0 0 0 0 0 0 0 0 0 0 0 0 0 0 462 0 0 0 0 0 413 0 0 0 575 0
0 0 143 0 0 0 0 0 0 414 0 928 0 0 0 0 0 0 0 0 0 123 0 0 0 0 817 0 0 0 724 0 0 0 0 0 0 0 0 0 0 0 0 0 0 222 0 0 0 0 0 0 0 0 0 0 0 122 0 0 0 904 427 810 0 0 0 0 0 0 0 94 16 0 0 0 0 0 0 0 0 0 0 0 0 119 0 0 462 0 0 0 0 0 0 0 0 0 0 0
0 0 143 0 30 0 0 0 0 0 0 0 0 0 730 0 0 0 0 211 0 0 0 0 0 195 0 620 0 0 0 0 0 0 0 812 0 0 0 0 0 0 0 0 0 0 0 0 567 971 0 0 0 873 0 0 168 0 0 0 0 0 427 0 0 0 0 0 848 0 0 94 0 0 0 79 0 0 0 0 0 0 0 0 0 0 0 0 0 0 0 664 0 0 0 0 0 0 0 0
0 0 0 75 0 0 0 0 0 0 0 0 0 0 0 0 0 65 0 0 0 0 0 0 0 0 0 0 0 0 724 77 0 0 919 0 856 0 0 0 0 0 0 0 0 0 0 0 0 0 0 0 0 0 0 0 168 0 0 0 0 0 0 810 0 0 0 0 848 0 184 0 0 0 0 0 0 0 529 0 0 0 553 0 0 0 0 0 0 0 0 0 0 0 0 0 0 0 575 0
166 799 0 75 30 0 0 0 0 0 0 0 0 281 0 0 0 0 0 0 0 0 0 659 0 0 0 620 986 0 724 0 0 0 919 0 0 817 0 0 0 499 0 0 0 0 298 0 567 0 0 544 0 873 905 0 0 0 0 0 0 0 0 0 469 679 0 0 0 312 0 94 0 0 0 0 0 175 0 0 119 0 0 291 0 0 0 0 0 0 289 0 0 0 0 0 0 0 0 0
0 0 143 0 0 418 0 331 445 414 0 0 0 0 0 0 0 65 0 0 0 0 0 0 0 0 0 0 0 442 0 0 0 0 0 812 0 0 0 0 0 0 0 0 0 0 298 0 0 0 0 0 0 873 0 0 0 0 0 0 0 0 0 0 0 679 0 0 0 0 0 0 0 0 796 0 0 0 0 0 0 104 0 0 0 119 0 0 0 0 289 0 0 671 0 0 0 0 0 25
0 0 0 0 0 0 854 0 445 0 352 0 0 0 730 0 0 0 0 0 319 0 0 0 0 0 0 620 0 0 0 0 0 0 0 812 0 0 0 978 500 0 0 0 0 0 0 0 0 0 106 0 0 0 0 779 168 0 119 0 0 0 0 0 0 0 0 0 0 0 0 0 0 0 0 0 0 0 0 0 119 0 0 0 0 0 0 0 0 0 0 0 0 671 0 0 0 0 0 0
0 0 0 0 30 0 0 0 0 0 0 0 0 281 0 0 0 0 0 0 0 0 585 0 0 0 0 0 0 0 0 0 0 0 0 0 856 0 418 0 0 0 0 0 0 0 0 0 0 0 0 0 0 0 0 0 0 0 0 0 778 0 0 810 469 0 0 0 0 0 0 0 0 0 0 0 0 0 0 0 0 0 0 291 0 0 0 0 0 0 0 0 0 0 0 0 0 739 0 0
0 799 0 75 30 0 0 331 445 0 0 0 0 281 0 0 0 0 0 0 0 0 0 0 0 0 0 0 0 0 724 0 0 0 0 0 856 0 0 0 0 0 0 0 0 0 0 0 0 0 0 0 0 0 0 0 0 0 0 0 0 904 0 0 0 0 759 0 0 0 0 0 0 0 0 0 0 0 0 0 0 0 0 0 0 0 0 0 0 0 0 0 376 0 0 0 0 0 0 0
0 0 0 0 30 0 854 0 445 414 0 0 0 0 0 0 0 0 0 0 0 0 585 0 0 0 0 0 0 442 0 0 0 0 0 0 0 0 0 0 0 499 344 0 0 0 0 0 0 0 0 0 915 873 0 0 168 0 119 0 778 0 427 0 0 0 0 0 0 0 184 0 0 0 796 0 0 0 0 0 0 0 553 0 0 0 0 0 462 0 0 0 0 0 0 0 0 0 0 0
0 0 143 0 0 0 0 0 0 0 0 0 0 281 0 0 940 0 0 0 0 0 0 0 0 0 0 0 0 0 0 0 0 0 0 0 856 0 0 0 0 0 0 0 0 0 0 0 567 0 0 0 915 0 0 779 0 122 0 0 778 0 0 0 0 0 0 0 848 0 0 0 0 0 0 0 0 0 0 0 0 0 0 0 0 0 0 0 0 0 289 0 0 0 0 0 0 0 575 0
0 0 0 0 30 0 0 0 445 0 0 0 0 0 0 0 0 0 989 0 0 123 0 0 0 0 0 0 986 0 0 0 0 0 0 0 0 0 0 0 0 499 0 0 0 222 0 0 0 0 0 0 0 0 0 0 0 0 0 0 778 0 0 0 0 0 0 0 0 0 0 0 0 0 0 0 0 0 0 0 0 0 0 0 0 0 922 0 0 0 289 0 0 0 0 0 0 0 0 0
0 799 0 0 0 0 0 0 0 414 0 0 0 0 0 0 0 65 0 0 0 0 0 0 0 195 0 620 0 0 0 0 0 0 0 0 0 817 0 0 500 499 0 0 0 0 0 659 0 0 0 0 0 873 0 0 0 0 0 0 778 0 0 0 0 0 0 0 0 0 0 0 0 0 0 0 0 175 529 736 0 0 0 0 0 0 0 0 0 673 0 0 376 0 0 0 0 0 0 0
0 799 0 0 0 418 0 0 0 0 0 0 0 0 730 0 0 65 989 0 0 0 0 659 0 0 0 0 986 0 0 0 0 0 0 812 0 0 0 978 0 499 0 0 0 0 0 0 0 0 0 0 915 0 0 0 168 0 0 0 0 0 0 810 0 0 0 684 0 0 0 0 0 0 0 0 103 0 0 0 119 0 0 0 0 0 922 733 0 0 0 0 0 0 0 0 0 0 575 0
0 0 0 0 0 0 0 0 0 414 0 928 0 0 0 0 0 0 0 0 0 123 585 0 0 0 0 0 0 0 0 0 0 0 0 0 0 0 0 0 500 0 0 68 0 222 298 0 0 0 0 0 0 0 0 0 168 0 0 0 0 0 0 0 0 0 0 0 0 0 0 0 0 0 0 0 0 0 0 0 0 0 0 0 0 0 0 0 462 0 0 0 376 0 413 0 0 0 0 25
0 0 0 0 0 0 0 0 0 0 0 0 0 0 730 0 0 0 989 0 0 0 0 659 0 195 0 620 0 0 0 0 0 215 0 812 0 817 0 0 0 499 344 0 907 0 0 0 567 0 0 0 0 0 0 0 0 0 0 0 0 0 0 0 0 0 0 0 0 0 0 94 0 0 0 79 0 0 0 0 0 0 0 0 0 0 0 733 462 0 289 664 0 0 0 0 0 0 0 0
0 0 0 75 0 0 0 0 0 0 0 0 0 0 0 0 0 0 0 0 0 0 0 0 0 0 817 0 0 0 724 0 0 0 0 812 0 0 0 0 0 0 344 0 0 0 0 0 567 0 0 0 0 0 0 0 0 0 0 0 0 0 0 0 0 0 759 684 0 0 184 0 0 0 0 0 0 0 0 0 0 0 553 0 0 119 0 0 0 0 0 0 0 0 0 0 282 0 0 0
0 0 143 0 0 0 0 0 0 414 0 0 0 281 0 0 940 0 0 0 319 0 0 0 0 0 817 0 0 0 0 0 0 0 0 0 0 0 0 0 0 0 0 0 907 0 0 0 567 0 0 0 0 0 0 0 0 0 0 0 0 904 0 0 0 679 0 0 848 0 0 0 0 0 0 0 0 0 0 0 0 0 0 0 0 0 0 0 0 0 0 0 0 0 0 0 0 0 0 0
0 0 0 75 0 418 0 0 0 0 0 0 0 0 0 0 0 0 0 0 0 123 0 0 996 0 0 0 0 0 0 0 0 0 0 812 0 0 0 978 0 499 0 0 907 0 298 0 0 0 0 0 0 873 0 0 0 0 0 0 778 0 0 810 0 679 0 0 0 0 0 94 0 0 0 0 0 0 0 0 119 0 553 0 0 119 0 0 0 0 0 0 0 0 0 0 0 0 0 0
0 799 0 0 0 0 854 0 0 0 0 0 0 0 0 218 0 0 0 0 0 123 0 0 0 0 0 0 0 0 0 0 0 0 0 0 0 0 0 0 500 0 344 0 0 0 0 0 0 971 0 0 0 0 0 0 0 122 0 0 0 904 0 0 0 679 0 0 0 0 0 0 16 0 0 0 0 0 0 0 0 0 0 291 0 0 0 0 0 0 0 0 0 0 0 712 282 0 0 0
0 0 0 75 0 0 0 0 0 0 0 0 0 0 0 0 0 0 0 0 0 0 0 0 0 0 0 0 0 0 0 0 0 0 919 0 0 0 0 0 0 0 344 0 0 0 0 0 0 0 0 0 915 0 0 0 0 0 0 0 0 0 0 0 0 0 0 0 0 312 0 0 16 0 0 0 0 175 529 0 0 0 0 0 441 0 0 0 0 0 0 0 376 0 0 0 0 0 0 0
0 0 0 0 30 0 854 331 0 0 0 0 0 0 730 0 0 65 0 0 0 0 0 0 0 0 0 0 0 442 0 0 0 0 0 0 0 0 0 978 0 0 0 0 0 0 0 0 0 0 0 0 915 0 0 779 168 0 0 0 0 0 0 0 0 0 0 0 0 0 0 0 0 0 0 0 103 175 0 0 0 0 0 0 0 0 0 0 0 673 289 664 0 0 0 0 0 0 575 0
0 0 0 75 0 0 0 0 0 414 0 0 930 0 730 0 0 0 989 0 0 0 0 0 0 195 0 620 0 0 0 77 631 0 0 0 0 0 0 0 0 0 0 68 0 0 0 659 0 971 0 0 0 0 0 0 0 0 0 0 0 0 0 0 0 0 0 0 0 0 0 0 16 903 0 0 0 0 0 0 0 104 553 291 0 0 0 0 462 673 0 0 0 0 0 0 282 0 0 25
0 799 0 0 0 0 0 0 0 0 0 0 0 281 0 0 0 0 989 0 0 123 0 0 0 0 0 620 0 0 0 0 0 0 0 0 0 0 0 0 0 0 0 0 0 0 0 0 0 0 0 0 0 0 0 779 0 0 0 433 0 0 427 0 0 0 0 0 0 0 0 0 0 0 0 0 103 0 0 0 0 0 553 0 0 0 0 0 0 0 0 0 0 0 0 712 0 0 0 25
0 0 0 0 0 0 0 0 0 0 0 0 0 0 0 0 0 0 0 0 319 0 0 0 0 0 0 620 0 0 0 0 0 0 0 0 0 0 0 0 0 499 0 0 0 0 0 0 0 0 0 0 0 0 0 0 0 0 0 433 0 0 0 0 0 0 0 684 848 0 0 94 16 0 0 0 0 175 0 0 0 0 0 0 0 119 0 0 0 0 0 0 0 0 0 0 282 0 0 25
0 0 0 0 0 418 0 0 445 0 352 928 0 0 0 218 0 0 0 0 319 123 0 0 0 0 0 620 0 0 724 0 0 0 0 0 856 0 0 0 500 0 0 68 0 0 0 0 567 0 0 0 0 0 0 779 168 0 119 0 0 0 0 0 0 0 0 0 0 0 0 0 0 0 0 0 0 0 529 736 0 0 0 0 0 0 0 0 0 0 0 0 0 671 0 0 0 0 0 0
0 0 0 0 0 0 0 331 0 0 0 0 0 0 0 0 0 0 0 0 0 0 0 0 0 0 0 0 986 0 0 0 0 0 0 812 0 0 0 0 500 0 0 0 0 0 0 0 0 0 106 0 0 0 0 0 0 0 0 433 0 0 0 810 0 679 0 0 0 0 0 0 0 0 0 0 0 175 0 0 0 0 553 0 0 0 0 0 0 0 0 0 0 0 0 712 0 0 0 0
24.5, 28.0, 17.69, 19.05, 10.24, 21.41, 16.43, 16.69, 19.22, 13.05, 11.51, 19.81, 24.12, 26.64, 20.86, 17.13, 21.7, 19.06, 25.55, 14.7, 13.25, 21.08, 22.17, 13.88, 14.43, 27.7, 18.22, 9.57, 19.36, 23.52, 17.5, 25.78, 14.56, 14.43, 13.0, 21.27, 29.19, 13.74, 27.07, 23.59, 10.99, 30.34, 17.85, 21.53, 25.81, 25.81, 16.74, 26.72, 10.6, 24.62, 25.57, 14.4, 16.92, 25.75, 25.03, 22.64, 15.04, 10.74, 31.01, 26.53, 19.41, 17.5, 13.88, 20.35, 17.49, 33.03, 29.21, 15.15, 9.57, 17.43, 14.93, 24.41, 29.49, 34.82, 20.44, 30.46, 20.01, 18.5, 13.94, 20.79, 16.54, 16.31, 25.24, 24.63, 10.48, 16.92, 27.59, 21.2, 23.09, 22.22, 7.53, 21.96, 27.86, 21.91, 24.87, 31.16, 13.55, 11.54, 18.77, 23.22
25.5, 25.76, 26.37, 25.5, 19.03, 25.2, 26.23, 25.64, 25.5, 18.88, 18.39, 25.5, 28.77, 27.19, 25.64, 28.71, 26.26, 25.98, 28.92, 25.96, 20.02, 25.47, 28.01, 20.26, 25.58, 28.1, 25.83, 20.55, 25.64, 25.64, 26.25, 27.13, 26.17, 25.5, 19.21, 28.86, 29.04, 19.72, 28.54, 27.44, 17.82, 28.26, 27.38, 26.65, 26.96, 26.89, 26.01, 28.6, 18.28, 26.47, 27.98, 27.61, 25.64, 27.22, 26.83, 28.0, 26.35, 19.03, 28.53, 30.13, 28.47, 27.21, 19.5, 27.58, 27.96, 26.41, 27.62, 27.24, 16.59, 25.5, 28.94, 27.16, 29.2, 28.36, 24.87, 26.58, 25.5, 27.75, 17.71, 28.22, 27.42, 27.95, 28.22, 28.23, 16.59, 25.79, 30.24, 29.07, 27.97, 25.5, 16.75, 25.71, 27.64, 25.5, 29.12, 28.99, 19.92, 17.98, 28.35, 28.53
33.73,17.77,32.33,23.03,26.75,27.04,10.93,23.68,24.31,33.79,34.61,32.55,9.65,8.76,12.84,22.38,12.51,10.46,24.89,14.16,10.86,17.47,33.0,18.35,14.85,15.97,21.48,19.58,11.43,15.53,9.55,11.72,12.03,30.13,7.7,27.1,26.01,20.83,14.85,10.77,22.84,32.97,9.57,18.53,19.73,19.9,25.64,33.58