100
0 0 0 75 30 0 0 331 445 414 352 928 0 0 730 0 0 65 0 211 319 0 585 0 0 0 0 0 0 0 0 77 631 0 0 812 856 0 418 0 0 0 344 0 907 0 0 659 567 971 0 544 0 873 0 0 0 0 0 0 0 904 0 810 0 679 759 0 0 0 0 94 0 0 0 0 0 0 0 736 119 0 0 291 441 119 922 733 462 673 289 0 376 671 0 0 282 0 0 0
166 799 0 0 0 418 0 331 445 414 0 928 930 281 0 0 940 65 0 211 0 123 0 0 996 195 817 620 0 0 724 0 0 215 919 812 856 817 0 0 0 0 344 68 907 222 298 659 0 0 106 0 0 0 0 779 0 0 119 0 0 904 427 810 0 0 0 684 848 312 184 94 16 0 0 0 103 0 0 736 119 104 553 0 441 119 0 733 0 0 289 0 376 0 0 0 282 739 0 0
0 799 143 0 0 418 854 0 0 414 352 928 0 0 730 0 0 0 989 211 319 123 0 0 0 0 817 0 986 0 0 0 631 215 919 0 0 817 418 978 0 0 0 0 907 222 0 659 567 0 106 544 0 0 905 0 0 0 119 0 778 0 427 810 0 0 0 0 848 0 184 94 16 903 796 0 103 175 529 736 0 104 553 291 0 119 0 0 462 673 289 664 376 671 413 0 282 739 575 25
0 0 0 0 30 0 854 0 0 414 352 928 930 281 730 218 940 0 989 211 319 123 585 0 0 195 0 620 986 442 0 0 0 215 0 0 856 817 418 978 500 0 344 68 907 222 0 0 567 971 106 0 915 873 905 779 168 122 119 433 778 0 427 810 469 679 0 684 0 312 0 94 0 903 0 0 103 175 0 736 0 104 553 291 441 0 922 733 462 0 0 0 0 0 413 712 0 0 0 0
0 0 143 75 30 0 854 331 0 414 0 928 0 0 730 218 940 65 989 0 0 0 0 659 996 195 0 620 0 0 724 77 631 215 919 812 0 0 418 978 0 499 344 68 0 0 0 0 567 0 106 0 915 0 905 779 0 0 0 433 778 904 0 0 469 0 0 0 0 312 0 94 0 903 0 0 0 0 0 0 119 104 0 0 441 0 0 0 0 673 0 0 0 0 413 0 282 739 0 0
166 0 0 0 30 0 854 0 0 414 0 928 0 281 0 0 0 0 0 0 0 0 0 659 996 0 817 620 0 442 724 0 0 215 0 812 856 0 418 978 0 499 344 0 0 222 298 0 0 971 106 0 915 0 0 0 168 0 119 433 0 0 427 0 0 679 0 684 848 312 184 94 16 0 796 79 103 175 0 736 0 0 553 291 0 119 0 733 0 0 289 664 0 671 413 0 0 739 575 25
166 799 143 75 30 0 0 331 445 414 352 0 0 0 0 0 0 65 0 0 319 123 0 0 996 195 0 0 0 442 724 0 0 0 0 812 856 817 0 978 500 0 0 0 907 222 298 0 0 0 0 0 0 0 905 779 168 122 119 0 0 904 427 0 469 679 759 0 0 312 0 0 0 903 0 79 103 175 529 0 119 0 553 0 0 0 0 733 0 0 0 0 376 671 0 0 0 0 575 25
166 0 0 75 30 418 0 331 0 414 0 0 930 281 730 0 940 65 989 211 0 123 585 659 0 0 817 0 0 0 724 77 631 215 0 0 856 0 0 978 500 0 344 0 907 0 0 659 0 971 0 0 915 873 905 779 0 122 119 433 778 0 0 810 0 679 759 684 848 312 0 94 0 0 796 79 103 0 0 736 119 104 0 0 441 119 0 733 462 0 289 664 376 0 413 712 282 0 575 25
166 799 0 75 0 0 854 331 445 0 0 0 0 281 0 218 0 0 989 0 319 0 0 659 0 195 817 620 0 0 0 0 631 215 0 0 856 0 418 978 0 499 0 68 907 0 298 659 0 0 106 0 0 873 0 0 0 122 119 433 0 904 427 810 0 679 759 0 848 312 184 94 16 0 796 0 103 0 0 0 119 0 553 291 0 0 922 0 0 0 289 664 0 671 0 712 0 0 575 25
0 0 0 75 30 418 854 0 0 414 0 928 930 281 730 218 940 65 0 0 319 123 0 659 0 195 0 0 0 0 0 77 0 215 0 0 0 0 0 978 500 0 344 0 907 0 0 0 0 0 106 544 915 873 0 0 0 122 0 433 778 0 0 0 0 679 0 0 848 312 184 94 0 903 0 79 103 0 0 0 119 0 553 291 441 119 922 0 0 0 0 664 376 671 0 0 0 0 575 0
0 799 0 75 30 418 854 331 445 414 352 0 0 0 730 218 0 0 0 211 0 123 585 0 0 0 0 620 986 0 0 77 631 215 0 812 0 0 418 978 500 0 344 68 907 222 0 0 567 0 106 544 915 0 0 0 0 0 0 0 0 0 427 810 0 679 759 0 0 312 0 0 0 903 0 0 103 175 529 736 0 104 553 0 441 119 0 0 0 673 289 0 0 0 0 712 0 0 0 0
0 0 0 75 0 0 854 331 0 414 0 0 930 281 0 0 0 0 989 0 319 123 585 659 0 195 0 0 986 442 724 0 631 215 919 812 856 0 418 978 500 0 0 68 0 222 0 0 567 0 0 0 0 873 905 0 168 0 0 0 0 0 427 810 0 0 759 0 848 0 184 0 16 903 796 79 103 175 0 0 119 0 553 0 441 119 922 733 462 0 289 664 376 671 0 0 282 0 575 25
0 799 0 75 30 0 854 331 445 414 352 928 930 0 0 218 940 0 989 211 0 123 585 0 0 0 817 620 986 0 0 77 631 215 919 812 0 0 418 0 500 499 344 68 907 0 298 0 0 971 106 544 0 0 905 779 168 122 119 0 0 0 427 810 0 679 0 0 0 312 0 0 16 903 796 79 0 0 529 736 0 0 0 291 441 119 0 733 462 673 289 664 376 0 0 0 0 0 0 0
0 0 143 0 30 418 0 0 0 414 0 0 930 0 0 0 940 65 0 211 319 123 0 0 996 0 817 0 0 442 0 77 0 215 919 812 0 817 0 0 500 0 344 68 907 0 0 0 567 0 106 0 915 873 0 0 168 0 119 433 778 0 427 810 469 0 0 684 848 0 0 94 16 0 796 79 103 175 529 736 0 0 0 0 0 0 0 0 462 673 0 664 376 0 413 0 282 0 575 25
166 799 143 75 30 418 0 331 0 0 0 928 930 0 0 218 940 65 989 0 0 0 585 0 0 0 0 620 0 0 724 77 631 215 0 0 856 817 418 978 0 499 344 68 907 222 298 659 0 0 106 0 915 873 0 779 0 122 119 0 0 904 427 0 0 0 0 0 0 312 0 0 16 0 0 79 0 0 0 736 119 0 0 0 441 0 922 733 0 673 0 664 376 0 0 0 0 0 575 0
0 0 143 75 30 418 0 331 0 414 352 0 930 281 730 0 940 0 989 211 319 0 0 0 0 0 817 620 0 0 0 0 0 215 919 0 856 0 418 978 0 0 0 0 0 222 298 659 567 0 0 0 0 873 905 0 0 0 119 0 0 904 427 0 0 679 759 0 0 312 184 94 0 0 0 79 103 0 529 736 119 104 553 291 441 119 0 0 462 0 289 0 376 671 0 712 282 739 575 0
0 799 143 75 30 418 0 331 445 414 352 928 930 0 0 0 940 65 989 0 0 123 0 659 0 0 817 0 0 0 0 77 631 0 0 812 856 817 0 0 500 0 344 0 907 222 298 659 0 0 0 0 0 0 0 779 0 0 0 0 778 0 0 810 0 0 759 0 848 312 184 94 16 903 796 0 0 175 529 736 0 0 553 291 0 119 922 733 462 0 289 664 0 671 0 712 282 739 575 0
0 0 0 75 30 0 0 0 0 0 352 928 0 281 0 0 940 65 0 0 0 123 585 659 996 195 0 0 0 0 724 0 0 215 0 0 0 817 0 0 500 0 0 0 907 0 298 659 567 0 106 0 915 873 905 0 168 0 119 0 0 0 427 810 0 679 759 0 848 0 184 0 0 0 0 0 103 175 0 0 0 104 553 291 441 119 922 0 0 0 0 664 376 0 413 0 0 0 0 25
166 799 0 0 30 418 0 0 0 414 352 928 930 0 0 0 940 65 989 0 319 0 585 659 0 0 817 0 0 442 724 0 0 215 919 812 856 817 0 978 500 499 344 68 0 222 0 659 0 971 106 0 915 873 905 0 0 0 119 433 0 904 427 810 0 0 759 684 0 0 0 0 16 903 0 79 0 175 529 736 119 0 0 0 0 0 922 733 462 673 0 664 0 0 413 712 0 739 0 25
166 799 143 75 0 0 854 0 0 0 352 928 930 281 0 218 940 65 989 0 0 0 585 0 996 0 817 0 986 442 0 0 0 0 0 0 856 0 418 978 500 499 0 0 0 0 0 0 0 0 106 0 0 0 905 779 168 0 0 433 0 0 0 0 469 679 759 0 0 312 0 94 0 0 796 0 103 0 529 0 0 104 0 0 441 0 0 733 462 673 289 664 376 671 413 0 282 0 575 0
166 0 143 0 0 0 854 331 0 414 352 0 0 281 730 218 0 0 0 211 0 0 585 0 996 0 817 620 0 442 724 0 0 215 0 0 0 0 418 978 0 0 0 0 0 0 298 659 0 971 106 544 0 0 0 0 168 0 119 0 0 904 0 0 469 679 759 0 848 312 184 94 16 903 796 0 103 175 529 0 0 0 0 0 0 0 922 733 462 673 289 0 0 671 0 712 282 0 575 25
166 0 0 0 0 418 854 331 445 414 352 0 0 0 0 218 940 0 989 211 319 0 0 659 996 0 817 620 0 0 0 0 631 0 919 812 856 0 0 978 500 499 0 68 0 0 0 0 567 971 0 0 0 873 905 0 0 0 119 0 0 0 0 0 0 0 759 0 0 0 184 94 0 0 796 0 103 0 0 736 119 104 553 0 441 119 922 0 462 0 0 0 376 671 413 712 0 739 0 25
0 799 0 75 30 418 0 0 0 0 0 0 0 0 0 0 0 65 989 0 0 0 0 0 996 0 817 0 0 0 724 77 0 215 919 0 856 0 0 0 0 0 344 68 907 0 298 659 0 0 0 544 0 873 0 0 0 122 0 0 778 904 427 810 469 0 0 684 0 0 0 94 16 903 0 0 103 0 529 736 119 0 553 291 0 119 0 0 0 673 289 664 0 0 413 0 282 739 0 0
166 0 143 0 0 0 0 331 445 414 0 0 930 0 730 0 0 65 0 0 319 0 585 659 996 0 0 620 986 0 0 77 0 215 919 0 856 0 418 0 0 0 0 0 0 222 0 659 0 971 106 0 915 0 905 0 168 122 119 0 778 904 0 810 0 0 0 684 848 0 184 94 16 0 0 79 103 0 0 0 119 0 553 291 0 0 922 0 0 673 0 0 376 671 413 0 0 0 575 25
0 0 143 0 30 0 854 0 445 414 0 928 930 281 730 218 0 65 989 211 319 123 0 659 0 0 0 0 986 0 724 0 0 215 919 812 0 0 418 0 500 499 344 0 0 0 298 0 0 971 106 0 915 873 0 779 0 0 119 0 0 0 427 810 469 0 0 684 0 312 0 94 0 0 796 0 0 0 0 0 119 0 553 0 0 0 0 0 0 673 289 0 0 0 413 712 282 0 0 0
0 0 143 0 0 418 0 331 0 414 0 928 930 281 0 0 0 0 0 211 0 123 0 659 996 195 817 0 986 0 0 77 0 215 919 812 856 817 418 0 0 499 344 0 907 0 298 0 567 0 106 0 0 0 0 0 0 0 0 0 778 0 0 810 469 0 759 684 848 312 184 94 0 903 0 79 0 0 0 736 0 104 0 291 0 0 922 0 0 0 289 664 0 671 0 712 0 0 575 25
0 799 143 75 0 0 0 331 0 414 0 928 0 281 0 0 0 65 989 211 319 0 0 0 0 195 0 0 0 442 724 77 0 215 0 0 0 0 418 978 500 499 0 68 0 222 0 0 567 0 0 0 915 873 905 0 168 0 0 0 0 904 0 0 0 0 759 684 848 0 184 94 16 0 796 79 0 0 0 736 119 104 0 291 441 119 0 733 462 0 0 664 0 671 413 712 282 0 575 0
0 0 143 0 30 418 854 0 445 414 0 0 0 0 730 0 0 0 989 0 0 0 0 659 0 195 0 620 0 442 724 0 631 215 919 0 0 0 0 978 0 0 344 68 907 0 298 0 0 971 0 0 0 0 0 0 0 122 0 0 0 904 427 810 469 0 0 684 0 0 184 94 0 0 0 0 103 0 0 0 119 104 0 0 0 119 922 0 462 673 289 0 0 671 0 712 282 0 575 0
166 799 0 0 30 0 854 0 445 414 352 0 930 281 0 218 0 65 989 0 319 123 0 0 996 0 0 0 986 442 724 0 631 215 0 812 0 0 0 0 0 0 0 0 907 0 298 659 0 0 106 0 915 873 0 779 168 0 119 433 778 904 427 0 0 679 759 684 848 312 0 0 16 903 0 79 103 175 529 736 0 0 553 0 441 0 0 0 0 0 0 664 376 671 413 712 0 0 575 0
166 799 0 75 30 418 854 0 445 414 352 0 930 0 730 218 0 65 989 0 319 0 585 659 0 195 817 0 986 442 0 0 631 215 919 812 856 817 418 978 500 0 344 0 907 222 298 659 567 971 0 0 915 0 0 779 168 122 119 0 778 904 0 810 0 679 0 684 848 312 0 94 16 903 0 79 0 0 529 736 0 104 0 291 0 0 922 0 462 673 0 664 0 671 0 0 282 739 575 25
166 799 0 75 0 418 0 331 0 0 352 0 0 281 0 0 0 0 0 0 319 123 0 659 0 0 0 620 0 442 724 0 631 215 0 812 0 817 418 0 0 499 344 0 907 222 298 0 0 971 0 0 0 0 905 0 0 0 119 433 778 904 0 0 0 679 759 0 848 0 184 0 16 0 796 79 103 0 529 736 0 104 0 291 0 0 0 0 0 673 289 664 376 0 0 712 0 739 0 0
0 799 0 75 0 418 854 0 0 414 352 0 0 0 0 218 940 0 989 0 319 0 585 0 996 195 0 0 986 442 724 77 631 215 919 812 0 817 418 978 500 499 344 0 0 222 298 659 0 971 106 544 915 0 0 0 0 122 0 0 778 0 0 0 469 679 759 0 848 0 0 0 16 903 796 79 0 175 529 0 0 0 553 0 441 0 0 733 462 673 289 0 376 0 413 0 0 0 0 0
166 0 143 0 30 0 0 331 0 0 0 928 0 281 730 218 0 65 989 211 319 123 585 0 996 195 817 620 0 0 0 0 0 0 0 812 0 817 418 0 500 499 0 0 0 0 298 659 567 971 0 544 0 0 905 779 168 0 0 433 0 0 0 810 0 679 759 684 0 0 0 94 0 903 0 0 0 175 529 0 0 104 553 0 0 119 922 0 462 673 289 664 0 671 0 712 282 0 0 0
0 799 143 75 30 0 0 0 0 414 0 0 930 281 730 218 0 65 0 0 0 0 585 0 996 195 817 620 0 442 0 0 631 215 0 0 0 0 418 978 500 0 0 0 0 222 298 0 0 0 106 544 0 0 0 779 168 122 0 433 778 0 0 0 0 0 759 0 848 312 0 0 16 903 0 0 103 175 529 736 119 104 0 0 441 0 0 0 0 673 0 0 376 0 413 712 0 739 0 0
166 0 143 75 0 418 0 0 445 414 0 0 0 281 730 218 940 0 989 0 0 123 585 659 0 0 0 0 986 442 724 0 0 215 919 812 856 817 418 978 0 499 344 0 0 222 0 0 567 0 0 544 0 873 0 779 168 0 0 0 778 0 0 810 469 0 759 0 848 312 184 0 0 0 796 79 0 0 0 736 119 104 553 291 0 0 0 0 0 0 289 0 376 0 413 0 282 0 0 25
166 799 143 75 30 418 854 331 0 0 0 0 0 0 730 0 0 0 989 0 319 0 0 659 996 195 817 620 986 442 0 0 0 0 919 812 0 817 418 978 500 499 0 0 907 0 298 0 567 971 106 0 0 873 0 0 168 0 0 0 0 904 0 0 469 0 0 0 0 0 0 0 0 0 796 79 103 0 0 736 0 0 553 291 441 119 922 0 0 673 0 0 0 0 413 712 0 0 575 25
0 0 143 75 30 418 0 331 0 0 0 928 930 0 0 0 0 0 989 0 0 0 0 659 0 0 0 620 0 0 0 0 0 0 919 812 0 817 418 978 500 499 344 0 0 0 298 0 0 0 0 0 0 873 0 0 0 0 119 433 778 0 427 0 0 679 0 684 848 0 184 94 0 0 796 79 103 0 0 736 119 0 0 291 441 119 0 733 462 0 0 664 0 0 0 0 282 739 575 25
0 0 0 75 0 0 854 0 0 414 0 928 930 0 0 0 940 0 0 0 0 123 585 659 996 0 0 0 0 442 724 0 0 0 919 0 0 817 418 978 0 499 344 68 0 222 298 0 567 0 0 544 0 0 905 779 0 0 0 433 0 904 427 0 469 679 0 0 848 312 0 94 16 903 796 0 103 0 529 736 119 104 0 0 0 0 0 0 462 0 289 664 0 0 413 0 0 0 575 25
0 799 143 75 0 418 0 0 0 0 352 928 0 0 0 0 0 0 989 211 319 0 585 659 0 0 817 0 0 0 0 0 0 0 919 0 0 817 418 978 500 499 344 68 0 0 0 659 567 0 0 0 915 873 0 0 168 122 119 0 778 904 0 810 0 679 0 684 848 312 184 0 0 0 796 0 103 0 0 0 119 104 553 0 441 0 0 733 0 673 0 0 0 0 0 0 282 739 575 0
166 0 143 0 30 418 0 0 445 414 0 0 0 0 0 218 0 0 989 0 319 123 585 0 0 195 0 620 0 0 724 77 0 215 0 0 856 817 0 978 500 0 0 0 907 0 0 659 567 971 106 0 0 0 905 779 168 122 0 0 0 0 427 810 0 0 0 684 0 0 0 0 0 903 796 79 103 0 0 0 119 104 553 0 441 0 922 733 462 673 0 664 376 0 0 712 0 0 575 0
0 0 0 75 30 418 854 0 445 414 352 928 930 281 0 218 0 0 0 211 0 0 0 0 0 195 0 620 0 442 724 0 0 0 919 812 856 817 418 978 0 499 344 0 0 0 298 0 567 0 0 0 915 0 0 779 168 0 0 433 778 904 0 0 0 679 759 0 848 0 0 0 0 0 796 0 0 0 0 0 0 104 553 0 441 0 922 733 462 0 0 0 376 671 413 0 0 739 575 25
0 799 0 75 30 418 854 0 445 0 352 928 930 0 0 0 940 0 0 0 0 123 585 0 996 195 817 0 0 442 0 77 631 0 0 812 0 0 0 0 0 499 344 68 907 222 298 0 567 0 106 544 915 873 905 779 168 122 0 433 778 0 427 0 0 679 0 684 0 312 0 0 16 903 796 0 103 0 529 736 0 104 553 0 0 119 922 0 0 673 289 664 0 0 0 0 0 0 575 25
0 0 143 75 0 418 854 331 0 414 0 0 930 281 730 218 940 0 0 0 319 123 0 0 0 195 0 0 986 442 724 77 0 215 0 0 0 817 418 978 500 499 0 0 907 0 298 0 567 971 106 0 0 0 905 779 168 0 119 433 778 904 427 0 0 679 0 684 848 0 0 94 16 903 796 0 0 0 529 0 0 0 0 291 0 119 922 0 462 673 289 664 376 671 0 712 282 0 0 25
166 799 143 75 0 418 0 0 0 414 352 0 930 281 730 218 940 65 0 0 0 123 585 0 0 0 0 0 0 442 724 0 631 215 0 0 856 817 418 0 0 0 344 0 907 222 0 659 567 971 106 0 915 873 0 779 168 122 0 0 778 904 427 0 0 679 0 0 0 0 184 94 16 903 796 0 103 0 529 736 0 0 0 0 0 119 922 733 462 673 289 664 0 0 413 712 282 0 575 0
166 799 143 75 0 0 854 331 0 414 352 928 930 0 0 0 0 0 989 211 319 0 0 659 0 0 817 0 0 442 724 0 631 215 919 812 856 0 418 978 0 0 0 0 907 0 0 659 0 971 106 544 915 0 0 0 0 122 119 0 0 0 0 810 469 0 759 0 848 312 184 0 0 0 796 79 0 175 529 0 0 0 0 291 441 0 0 0 462 673 289 0 0 0 413 0 0 739 575 25
166 799 143 0 0 0 0 0 0 0 352 928 0 0 730 218 940 0 989 211 319 0 0 659 0 0 0 0 0 0 0 77 0 215 919 0 0 0 418 978 500 0 0 0 907 222 298 659 567 971 106 0 915 873 905 0 168 122 0 433 0 904 0 0 0 679 759 0 0 0 0 0 0 0 796 79 0 175 0 0 119 104 553 0 441 0 0 733 462 0 289 0 376 0 413 0 0 739 0 0
0 799 0 75 0 0 854 0 0 0 0 928 0 0 730 218 0 0 0 211 0 123 585 0 996 0 817 620 0 442 724 77 631 215 919 0 856 0 418 0 0 499 0 68 907 222 298 0 567 971 106 0 0 873 905 779 168 0 0 0 0 904 427 810 469 679 0 684 0 0 0 0 16 903 796 0 0 175 529 0 119 0 0 291 441 0 922 733 462 0 0 0 376 671 0 712 282 739 0 25
0 799 143 0 30 418 854 331 0 0 0 928 930 281 0 218 940 0 989 211 319 123 0 659 996 195 817 620 0 0 724 0 0 0 0 812 0 817 0 0 500 499 344 0 0 222 0 0 567 971 106 544 0 0 905 0 0 0 0 433 0 904 427 0 0 679 759 0 848 0 0 0 0 903 0 0 103 175 0 0 0 0 553 291 0 119 0 0 0 0 0 0 0 671 0 0 0 0 575 25
166 0 0 0 0 418 854 0 445 414 0 928 930 281 0 0 940 65 989 211 0 0 0 0 996 195 0 0 986 0 0 77 631 0 0 0 856 817 0 978 0 0 344 68 0 0 298 0 567 971 0 0 915 873 0 0 0 122 0 0 0 904 0 0 469 679 0 0 0 0 184 94 16 0 796 0 103 175 529 0 119 104 0 0 0 0 922 733 462 673 289 0 0 0 413 0 282 0 575 25
166 0 143 0 0 418 854 0 0 0 0 928 930 0 0 0 940 0 989 0 0 123 585 659 0 195 817 620 0 0 0 77 631 215 0 812 856 0 418 0 0 0 344 0 907 0 298 659 567 0 0 544 0 0 0 779 168 122 119 433 778 904 427 0 469 679 0 0 0 312 0 94 16 0 796 79 0 175 0 0 119 0 0 0 441 0 0 0 0 673 289 0 376 671 413 712 0 739 0 0
166 799 0 0 30 418 0 0 445 0 0 0 930 0 730 218 940 0 989 211 319 0 0 659 996 0 817 0 0 0 724 0 0 0 919 0 856 0 0 978 0 0 344 0 0 0 298 0 0 0 106 544 0 873 0 779 168 0 119 0 0 904 427 0 469 679 0 684 848 0 0 94 0 0 796 0 103 175 529 736 119 104 0 0 0 119 0 0 0 0 289 664 376 0 413 0 282 0 575 25
166 799 0 75 30 0 854 331 0 414 0 928 0 281 0 0 940 65 0 0 0 0 585 659 0 195 817 0 0 0 724 0 631 0 919 0 856 0 0 978 0 0 0 0 907 0 298 0 567 971 106 544 0 873 0 0 168 122 119 433 778 904 0 0 0 0 759 684 0 312 184 0 0 903 0 79 0 175 529 736 0 0 0 291 0 0 0 0 462 673 289 664 0 0 0 712 282 739 575 0
0 799 143 0 30 418 854 331 0 414 0 928 0 0 0 218 940 65 989 211 319 0 585 0 0 0 817 620 986 442 0 77 631 0 0 812 0 817 0 0 500 0 344 68 907 222 0 0 567 0 0 544 915 873 905 779 168 122 0 433 0 904 427 810 0 679 759 684 0 0 0 0 0 0 796 0 103 0 529 736 119 0 0 0 441 0 0 733 0 673 0 664 376 671 0 712 0 0 0 0
166 799 143 0 30 418 854 0 0 414 0 928 0 281 0 218 0 65 0 211 0 0 0 0 0 0 817 620 986 442 0 0 0 215 0 812 0 0 0 0 0 499 344 0 907 0 298 0 0 971 0 0 915 873 905 779 168 0 119 0 778 0 0 0 469 0 0 0 848 312 0 0 16 903 0 79 0 175 0 736 0 104 553 0 441 119 922 733 462 0 289 664 0 0 413 0 282 0 0 0
166 0 0 75 30 0 854 0 0 0 0 928 0 0 730 0 0 0 989 211 319 123 585 0 996 195 0 620 0 0 0 77 631 0 0 0 0 0 0 978 0 0 0 68 0 222 0 0 0 0 106 0 0 0 0 0 0 0 119 0 778 0 427 0 0 679 759 0 848 0 0 94 0 0 0 79 103 175 0 0 0 104 553 0 441 0 922 0 462 673 289 0 0 671 0 0 282 0 575 0
0 0 0 75 0 418 854 0 445 0 0 0 0 0 0 0 0 0 0 211 0 0 0 659 0 195 0 0 986 442 724 0 0 215 919 812 0 817 0 978 500 0 344 0 0 222 298 0 567 971 106 0 0 873 905 779 0 122 119 0 0 904 427 0 469 679 0 0 0 312 0 0 0 903 796 0 0 175 0 736 119 104 553 291 441 0 0 733 0 0 0 664 376 0 413 712 0 739 575 0
166 799 0 75 0 418 854 331 0 414 0 928 0 281 730 218 940 0 0 0 319 123 585 659 0 0 0 0 0 0 724 0 631 0 0 0 0 817 418 0 0 499 0 0 907 0 0 0 0 0 0 544 915 873 0 0 0 122 119 0 778 904 427 810 469 679 0 0 848 0 0 94 0 0 796 79 103 175 529 0 119 104 553 291 0 119 0 0 0 0 289 664 0 0 0 0 0 739 0 0
166 799 143 75 30 0 854 331 0 414 352 928 930 281 0 218 0 65 0 0 0 123 0 0 0 0 817 0 986 0 724 0 631 215 0 0 0 0 418 978 0 499 344 68 907 222 298 0 0 971 0 544 0 0 905 0 0 0 119 0 0 904 427 0 0 679 0 0 0 312 0 0 0 0 796 0 103 0 529 0 0 104 553 0 0 0 0 733 0 0 289 0 376 671 413 712 282 0 575 0
0 799 143 0 0 0 0 0 445 414 352 928 0 0 730 218 940 65 989 0 0 123 585 659 996 195 817 620 0 0 0 0 0 215 0 812 856 0 418 0 0 499 0 0 0 222 298 659 567 0 0 0 0 873 905 0 168 122 0 0 778 904 427 810 0 679 759 684 0 312 184 0 0 0 796 0 103 0 0 736 0 0 0 0 0 119 0 0 0 0 289 664 0 0 413 712 282 739 0 0
166 0 0 0 0 418 854 331 0 0 0 0 0 0 0 0 0 65 989 211 319 123 0 659 0 195 817 0 0 0 724 77 0 215 919 812 856 817 418 978 500 499 0 68 0 0 298 659 567 0 0 0 0 873 0 0 0 122 119 433 778 904 427 810 469 0 759 0 848 312 184 0 0 0 796 79 103 0 529 736 0 0 0 291 0 119 0 733 0 673 0 664 0 0 413 0 282 0 0 0
166 799 0 75 30 0 854 331 0 414 0 0 930 281 730 218 0 65 989 211 319 123 585 659 996 0 817 0 0 0 0 77 0 215 0 812 856 0 418 978 0 0 0 68 0 222 298 0 567 971 0 0 0 873 905 779 168 122 0 433 0 0 427 810 469 0 0 0 0 0 0 0 0 903 0 79 0 0 0 736 119 104 553 291 441 0 922 733 462 0 0 0 0 671 0 712 0 0 575 25
166 799 143 0 30 0 0 331 0 0 0 0 930 0 0 218 0 65 0 0 0 0 0 659 996 0 0 0 986 442 0 0 631 0 0 812 856 817 0 0 500 499 344 0 0 222 0 0 567 0 0 0 0 0 905 779 168 122 119 0 778 0 0 810 469 0 759 0 0 312 184 94 16 0 0 0 0 175 529 736 0 0 0 291 441 0 0 733 462 673 0 664 0 0 0 712 0 0 0 0
0 799 143 0 0 0 854 331 0 414 352 0 0 281 0 218 940 0 989 0 319 0 585 659 0 0 0 0 986 442 0 0 631 215 919 0 0 0 0 978 0 0 0 0 0 222 298 0 0 971 0 0 915 873 0 779 0 122 0 433 0 904 0 810 469 679 0 684 848 0 0 0 16 903 0 79 103 175 0 736 119 0 0 291 441 119 0 0 462 0 289 0 0 0 413 0 0 739 575 0
0 0 0 0 0 0 854 0 445 0 0 0 0 281 0 218 940 65 989 0 0 123 0 0 0 195 0 0 0 0 0 0 631 0 919 0 0 817 418 0 0 499 0 68 0 222 0 659 0 971 0 0 0 0 905 779 168 0 119 0 0 904 427 810 469 679 0 0 0 312 0 94 16 0 796 0 103 0 529 0 0 0 553 291 0 119 0 733 0 673 0 0 376 0 0 0 282 0 575 0
0 799 143 0 30 0 0 331 0 0 0 928 930 281 730 218 0 65 0 211 0 0 0 0 996 195 817 620 0 442 0 0 631 215 919 0 0 817 418 0 0 499 344 0 907 222 0 0 567 971 106 0 915 873 905 779 0 122 119 433 778 904 427 0 469 679 759 684 848 0 0 0 16 903 0 79 103 175 529 0 0 104 553 0 0 119 922 0 0 673 289 0 376 671 0 712 282 739 0 25
166 799 0 75 30 0 0 0 445 0 352 928 930 281 730 218 0 0 0 0 0 123 0 0 0 195 817 620 0 0 0 77 0 215 0 0 856 0 418 978 0 499 0 0 907 222 0 659 567 0 106 544 915 0 905 0 168 122 119 433 0 904 427 810 469 679 0 684 0 312 0 0 16 0 0 79 0 175 529 0 119 104 0 0 441 119 922 733 0 0 289 664 376 0 413 0 282 739 575 0
166 0 143 75 30 418 854 0 445 414 0 0 0 281 730 0 0 0 989 0 319 123 585 0 0 0 817 0 986 0 724 77 0 215 919 0 856 0 418 978 500 499 0 68 907 0 298 0 0 971 0 544 915 0 905 0 0 0 119 0 778 904 427 810 0 679 759 0 848 0 0 0 16 903 796 0 0 175 0 0 119 104 0 0 0 119 0 733 0 673 0 664 0 0 413 712 0 739 0 25
166 799 143 75 0 0 0 331 445 0 352 928 0 281 730 218 940 0 0 211 0 0 0 0 0 195 817 0 986 442 0 77 631 0 0 812 0 817 0 0 0 0 0 0 0 0 298 0 0 971 106 544 0 0 0 779 168 122 119 433 0 904 0 0 469 679 759 0 848 0 0 0 0 903 796 0 0 175 0 0 0 104 0 291 441 0 0 0 0 0 0 664 376 0 413 712 282 739 575 0
166 799 143 0 30 418 854 0 445 0 0 928 0 0 730 218 940 0 0 211 319 0 0 0 996 195 817 620 0 442 0 0 0 215 919 812 856 0 0 0 500 499 344 0 0 222 0 659 567 971 0 544 915 0 905 0 168 122 119 433 0 0 0 0 469 0 0 684 848 312 0 94 0 903 0 79 103 0 0 736 119 0 0 291 441 119 0 733 462 673 289 664 376 671 413 712 0 0 0 0
0 799 143 75 30 418 854 331 445 0 0 0 930 281 730 218 0 0 989 211 319 0 0 0 0 195 0 0 986 0 724 77 0 0 919 812 856 817 418 978 0 499 344 68 0 222 0 0 0 0 0 0 915 0 0 0 0 0 119 433 0 0 0 810 0 0 759 0 848 0 0 0 0 903 0 0 103 0 0 736 0 0 553 0 441 0 0 733 0 0 0 0 376 671 0 712 282 0 575 0
0 799 0 75 0 418 854 331 0 0 352 0 0 0 0 218 0 0 0 211 319 0 585 0 996 195 0 620 0 0 0 0 0 0 919 0 0 817 0 0 0 499 344 68 0 222 0 0 0 971 106 544 915 0 0 0 0 122 0 0 0 904 0 810 469 679 0 0 0 0 184 0 16 903 796 79 0 0 0 736 0 104 0 291 0 119 0 0 462 673 0 0 0 0 413 712 282 0 575 0
0 799 143 75 0 418 854 331 445 414 0 928 0 0 0 218 940 0 0 211 0 123 0 659 996 195 0 0 0 0 724 77 631 215 919 0 856 817 418 978 0 0 0 68 907 0 298 0 567 971 0 544 0 0 905 779 0 0 0 0 778 0 0 0 0 679 0 0 0 0 0 0 0 0 0 0 0 175 0 736 119 104 553 291 0 119 922 0 462 673 0 0 376 0 0 712 0 0 0 0
166 799 143 75 30 418 854 331 0 414 352 928 0 281 0 218 0 65 0 211 0 0 585 0 0 195 817 620 986 442 724 77 0 215 0 812 0 0 418 0 500 0 0 68 0 0 0 0 567 0 106 0 915 873 0 0 168 0 119 433 0 0 0 810 469 679 0 684 0 0 184 94 0 903 0 0 0 175 529 0 0 0 553 291 0 0 0 0 462 0 0 0 376 0 413 712 282 0 0 0
0 799 0 0 0 418 0 331 0 414 352 0 0 0 0 0 940 0 989 211 319 0 0 659 996 0 0 620 0 442 0 77 631 215 0 812 856 817 0 0 500 0 344 68 0 0 0 659 567 0 0 0 915 873 905 0 168 0 0 0 778 904 427 810 0 0 0 684 848 312 0 0 0 903 796 0 103 0 529 0 119 104 553 0 441 119 922 0 0 0 0 664 376 0 413 0 282 739 575 25
0 0 143 0 0 0 854 331 445 0 352 0 0 281 730 0 0 0 0 211 319 0 0 0 0 195 0 620 0 0 724 77 0 215 919 0 856 0 418 0 500 499 0 0 907 0 298 659 0 971 106 0 0 0 0 0 0 0 0 433 778 904 0 810 469 0 759 684 0 0 0 0 0 903 0 79 103 0 529 736 0 104 553 291 0 119 922 0 462 673 0 0 376 671 413 0 282 739 575 25
166 799 0 0 30 418 0 0 445 0 0 0 0 0 0 0 940 65 0 0 0 123 0 0 996 195 817 620 986 442 0 0 0 215 919 812 856 0 418 978 500 499 344 68 907 0 0 659 567 0 0 0 915 0 905 779 168 0 0 0 778 0 427 810 0 0 0 0 0 0 184 94 0 903 796 79 103 175 0 736 119 0 0 0 0 0 0 733 0 0 0 0 0 671 413 712 0 739 575 25
166 0 0 0 30 0 0 331 0 414 352 0 0 281 730 218 0 0 0 211 319 0 0 0 996 0 0 0 0 442 0 77 0 0 919 0 856 0 418 0 500 499 344 68 0 0 298 659 0 0 0 0 915 873 905 0 0 122 119 433 0 904 427 810 0 0 0 684 848 0 0 0 16 903 796 0 0 0 529 0 119 0 0 291 441 119 0 0 0 0 0 0 0 671 413 712 0 0 575 25
0 0 143 0 30 418 0 331 445 0 0 928 930 0 0 218 0 65 0 0 319 0 0 659 996 0 0 620 0 442 724 77 631 0 0 812 856 817 418 978 0 0 344 68 0 0 0 0 0 971 106 544 915 873 0 0 0 0 0 433 778 904 427 810 469 0 759 0 0 312 0 0 0 0 0 0 103 175 529 0 119 104 553 291 441 0 0 0 0 0 0 0 376 671 413 712 282 0 0 0
166 0 143 0 30 0 854 331 0 414 0 0 0 281 0 218 940 65 989 0 0 123 585 0 996 0 817 0 986 442 724 0 0 215 0 0 856 817 0 0 500 0 344 68 0 0 298 0 567 0 0 0 0 0 0 779 168 0 119 0 0 0 0 810 469 0 759 684 0 0 184 94 0 903 796 79 0 175 529 0 119 104 553 0 441 119 0 0 0 0 289 0 376 671 0 712 0 0 575 0
0 799 143 75 0 0 854 331 445 0 0 0 0 0 730 218 940 0 0 0 319 0 585 0 0 195 0 0 986 442 0 77 0 215 0 812 856 817 418 0 500 0 344 68 0 0 298 0 567 0 106 544 0 0 905 0 168 0 0 433 778 904 0 0 0 0 0 0 0 312 0 0 0 0 796 0 103 0 529 0 119 0 553 0 441 0 922 0 462 673 289 664 376 671 413 0 0 739 0 25
166 0 143 75 30 418 0 0 0 414 352 928 930 281 0 218 940 65 989 0 319 0 0 659 0 0 0 0 986 0 0 77 0 215 919 0 0 817 0 0 500 499 0 0 907 222 298 659 567 0 106 544 0 0 0 779 168 0 0 433 778 0 427 810 0 679 759 684 0 312 0 0 0 0 0 0 0 0 0 0 0 104 0 0 0 119 0 733 462 673 289 664 376 0 413 0 0 739 575 0
166 799 143 75 30 0 0 0 0 414 0 0 0 0 0 218 0 0 989 211 0 123 0 0 0 195 0 620 986 442 0 0 631 0 0 0 856 0 418 0 500 0 0 0 907 0 298 0 0 971 0 544 915 873 905 779 0 122 119 433 0 904 427 810 469 679 759 684 0 0 0 0 16 0 796 79 103 175 0 0 119 0 553 291 441 119 922 733 462 0 289 0 0 0 413 712 282 739 0 25
0 799 143 0 30 0 854 0 445 0 0 0 0 281 0 0 0 65 0 211 0 0 0 0 0 0 817 620 0 442 0 0 631 0 0 812 0 817 0 978 0 499 0 0 907 222 0 0 0 0 0 544 915 873 905 779 168 0 0 0 0 904 0 810 0 0 0 0 0 0 184 94 16 903 796 79 103 175 0 736 119 104 553 0 441 119 922 733 462 0 0 664 376 0 0 712 282 739 575 0
0 799 0 0 0 0 0 0 0 414 0 0 0 281 730 0 940 65 0 0 0 123 585 0 996 195 817 0 0 442 0 0 0 215 0 812 856 817 418 0 0 0 344 0 0 0 0 659 567 0 106 0 915 0 0 0 0 0 119 0 778 904 427 810 0 679 0 684 848 312 184 0 16 903 0 79 0 175 529 0 119 104 0 0 441 119 0 0 462 0 289 0 376 671 0 712 282 0 0 0
0 0 0 75 0 0 854 0 445 414 0 928 0 281 0 218 0 0 989 211 0 123 585 0 0 0 0 0 0 0 724 77 631 0 919 812 856 817 418 0 0 499 0 0 0 0 0 659 567 0 106 0 0 873 0 779 0 0 0 0 778 0 0 0 0 679 0 684 848 0 184 0 16 903 796 0 103 175 529 736 119 0 0 0 0 0 922 0 0 673 289 0 0 671 0 0 282 739 575 25
0 0 0 75 0 418 0 331 445 414 0 928 930 281 730 0 940 0 989 0 319 0 0 0 0 0 817 0 0 0 724 77 631 215 0 0 0 817 0 0 0 499 344 0 907 0 0 0 0 0 106 544 915 0 0 0 168 122 0 433 0 904 427 810 469 0 759 684 0 0 0 0 16 903 0 79 0 0 529 736 0 0 0 291 0 0 922 0 0 673 289 664 0 0 413 712 0 739 0 25
166 0 143 0 0 418 0 0 0 414 0 0 0 281 730 0 0 0 989 211 0 0 0 0 996 195 817 0 0 442 0 77 0 0 919 812 0 0 0 978 0 0 344 68 0 0 0 659 567 971 106 544 0 873 0 779 0 122 0 0 0 904 427 0 469 679 759 0 0 312 0 94 0 903 796 79 0 175 0 736 0 0 553 0 441 119 922 0 0 0 0 664 0 0 413 712 282 739 0 0
166 0 0 75 0 0 0 0 0 414 352 928 930 0 0 218 940 0 989 0 319 123 0 0 0 195 817 0 986 442 724 77 631 0 919 812 0 0 418 0 500 499 344 0 0 0 0 659 567 0 106 0 0 0 905 779 0 0 0 433 778 904 0 0 0 0 0 684 848 312 184 94 16 903 796 0 0 0 529 736 119 104 0 291 441 0 0 733 462 673 0 0 376 671 413 0 282 0 0 25
166 799 0 75 30 418 0 331 0 0 0 0 0 281 0 218 0 65 989 0 0 0 585 659 996 195 817 620 986 442 724 77 0 215 0 812 0 0 418 0 500 499 344 68 0 222 298 0 567 0 106 544 915 873 0 0 168 0 119 433 0 904 0 0 0 0 759 684 848 312 184 0 16 0 796 0 103 0 529 0 119 0 0 291 441 119 922 0 462 673 0 664 376 671 413 712 0 739 0 25
166 799 143 75 0 0 0 331 0 0 0 928 930 281 730 0 0 0 989 0 0 0 585 659 996 0 817 0 986 0 0 77 0 215 919 812 0 0 0 0 500 499 344 68 0 0 298 0 0 0 106 0 0 873 905 779 0 122 0 0 778 904 427 810 0 0 0 684 0 0 184 0 16 903 0 0 103 175 529 736 119 0 0 0 441 119 922 733 0 673 289 664 0 0 0 0 282 0 0 0
166 0 0 75 30 0 854 0 445 414 0 0 930 281 730 0 0 0 0 211 0 123 585 659 996 195 0 0 0 442 724 77 631 0 0 812 856 817 0 978 0 499 0 68 0 0 298 659 567 0 106 544 915 873 0 779 168 122 119 0 0 0 427 810 0 0 0 0 0 0 0 0 16 0 796 79 103 0 529 0 0 104 0 0 0 0 0 733 462 0 0 0 376 0 413 712 0 739 575 0
166 799 143 75 0 0 854 331 0 0 0 0 0 281 730 218 0 0 0 0 0 0 585 659 996 195 0 0 0 0 724 77 0 0 0 812 0 0 0 0 0 0 0 0 907 222 0 659 567 971 106 0 915 873 0 0 0 122 119 0 778 904 427 810 0 679 0 684 0 0 184 0 0 0 0 0 0 0 529 736 0 104 553 291 441 119 922 0 462 0 289 664 376 0 0 0 282 0 575 0
0 799 0 75 30 418 0 331 445 0 0 0 0 281 0 218 940 65 0 211 319 0 0 659 0 195 0 0 0 442 0 0 631 215 0 0 0 817 0 0 0 0 0 0 0 0 0 0 0 0 106 544 915 873 0 779 168 122 0 433 778 0 427 0 469 679 0 684 848 312 184 94 0 903 796 79 0 0 0 0 119 104 0 0 0 0 922 733 0 0 289 664 376 0 0 712 282 0 0 25
166 0 143 0 30 418 0 0 445 414 352 928 930 0 0 0 940 0 989 211 0 123 585 0 996 0 817 620 986 442 724 0 0 215 919 812 0 817 418 0 500 499 344 68 0 222 0 0 567 971 106 544 915 873 905 779 168 0 0 433 778 904 427 0 469 0 759 0 848 0 0 0 16 903 796 0 0 0 0 0 0 0 0 0 0 119 0 0 0 0 289 664 376 671 0 0 0 739 575 0
166 799 0 75 0 418 854 0 445 414 0 0 0 281 0 0 940 0 0 0 319 0 585 659 0 0 817 0 986 0 724 77 0 215 919 0 856 0 0 0 0 499 344 68 0 222 298 659 567 0 106 0 0 873 0 779 0 0 0 0 0 904 0 0 469 679 759 684 0 312 184 0 0 903 796 0 103 0 529 736 119 104 0 291 0 119 922 0 462 673 0 664 0 0 413 712 0 739 0 25
166 799 143 0 0 0 854 0 0 414 0 0 930 0 0 218 940 65 989 0 0 123 0 659 0 195 817 0 986 0 0 0 631 215 0 0 856 817 0 0 500 0 344 68 907 0 0 659 567 0 0 0 915 873 905 779 168 122 119 0 0 0 427 810 0 679 759 0 0 0 184 94 0 903 796 0 0 175 0 736 0 104 0 291 441 0 0 0 0 0 289 664 0 671 413 712 282 0 0 25
0 0 143 0 0 418 854 0 0 414 0 0 0 0 730 218 940 65 0 0 319 123 0 659 0 0 0 0 986 442 724 0 0 215 919 0 856 817 418 0 0 499 344 0 0 0 298 659 0 971 0 0 0 873 0 0 0 0 0 0 0 904 0 810 469 679 0 684 0 312 184 0 0 0 796 0 0 175 0 736 0 0 0 0 441 119 0 733 462 673 289 664 376 0 413 0 0 0 0 25
166 799 143 75 30 418 854 331 445 0 0 0 930 281 0 0 940 0 0 0 319 123 0 659 996 195 817 0 986 442 724 0 0 215 0 0 0 817 418 978 500 0 344 0 907 0 298 0 0 971 0 544 915 0 0 0 168 0 0 433 778 0 427 810 469 679 0 684 0 0 184 94 0 0 0 0 103 175 0 736 0 0 553 0 441 119 922 0 462 673 289 664 376 0 0 712 0 0 0 25
0 0 0 0 30 418 0 331 0 414 352 928 930 0 730 218 940 65 0 211 0 0 0 659 0 0 817 620 986 0 0 77 0 215 919 0 856 817 418 978 0 499 0 68 0 0 0 0 567 971 106 544 915 873 905 0 0 122 0 0 778 904 0 0 0 679 759 684 0 0 0 0 0 0 796 79 103 175 529 0 119 104 0 291 441 0 0 733 462 673 0 0 0 671 0 712 0 0 0 25
0 799 143 0 0 418 854 331 0 0 0 0 0 281 730 0 0 65 989 0 319 0 585 0 0 195 817 0 986 442 724 77 631 0 919 0 0 0 418 978 500 0 344 68 907 0 0 659 567 0 106 0 0 873 905 0 0 122 0 433 778 0 0 810 469 0 759 0 0 312 184 0 0 0 796 0 103 0 0 0 119 0 0 0 0 0 0 733 462 673 0 0 0 671 413 712 0 739 0 0
14.43, 10.24, 25.03, 11.54, 27.59, 24.12, 21.41, 20.01, 17.69, 22.17, 18.5, 30.46, 21.91, 13.55, 29.21, 20.79, 34.82, 23.59, 21.08, 18.77, 10.48, 17.5, 29.49, 25.24, 16.74, 25.57, 27.07, 16.31, 17.85, 20.86, 21.7, 16.92, 24.62, 10.6, 11.51, 23.52, 19.22, 23.09, 17.13, 25.78, 19.06, 13.05, 9.57, 28.0, 21.96, 17.5, 20.44, 22.22, 19.36, 14.43, 13.0, 20.35, 23.22, 10.99, 14.93, 33.03, 15.15, 22.64, 24.41, 17.43, 30.34, 26.72, 19.41, 9.57, 27.7, 13.74, 26.53, 25.55, 17.49, 14.56, 19.05, 19.81, 7.53, 13.88, 14.4, 16.43, 26.64, 13.25, 14.7, 13.88, 24.5, 16.69, 24.63, 16.54, 16.92, 24.87, 31.16, 25.81, 18.22, 31.01, 27.86, 13.94, 21.53, 10.74, 29.19, 25.75, 21.2, 15.04, 21.27, 25.81
25.5, 19.03, 26.83, 17.98, 30.24, 28.77, 25.2, 25.5, 26.37, 28.01, 27.75, 26.58, 25.5, 19.92, 27.62, 28.22, 28.36, 27.44, 25.47, 28.35, 16.59, 26.25, 29.2, 28.22, 26.01, 27.98, 28.54, 27.95, 27.38, 25.64, 26.26, 25.64, 26.47, 18.28, 18.39, 25.64, 25.5, 27.97, 28.71, 27.13, 25.98, 18.88, 20.55, 25.76, 25.71, 27.21, 24.87, 25.5, 25.64, 25.58, 19.21, 27.58, 28.53, 17.82, 28.94, 26.41, 27.24, 28.0, 27.16, 25.5, 28.26, 28.6, 28.47, 16.59, 28.1, 19.72, 30.13, 28.92, 27.96, 26.17, 25.5, 25.5, 16.75, 19.5, 27.61, 26.23, 27.19, 20.02, 25.96, 20.26, 25.5, 25.64, 28.23, 27.42, 25.79, 29.12, 28.99, 26.96, 25.83, 28.53, 27.64, 17.71, 26.65, 19.03, 29.04, 27.22, 29.07, 26.35, 28.86, 26.89
11.63,32.18,10.82,12.89,12.29,9.34,16.94,30.06,11.6,29.1,14.68,8.9,9.67,15.38,17.92,19.48,13.63,18.47,31.28,29.46,27.99,13.49,8.03,20.86,20.67,19.86,13.97,12.97,22.78,18.26,34.24,12.44,26.85,20.12,17.89,14.57,13.32,13.02